2.000000000000000000e+01 3.105460252418054385e-08
2.100000000000000000e+01 3.105460252418054385e-08
2.200000000000000000e+01 3.105460252418054385e-08
2.300000000000000000e+01 3.105460252418054385e-08
2.400000000000000000e+01 3.105460252418054385e-08
2.500000000000000000e+01 3.105460252418054385e-08
2.600000000000000000e+01 3.105460252418054385e-08
2.700000000000000000e+01 3.105460252418054385e-08
2.800000000000000000e+01 3.105460252418054385e-08
2.900000000000000000e+01 3.105460252418054385e-08
3.000000000000000000e+01 3.105460252418054385e-08
3.100000000000000000e+01 3.105460252418054385e-08
3.200000000000000000e+01 3.105460252418054385e-08
3.300000000000000000e+01 3.105460252418054385e-08
3.400000000000000000e+01 3.105460252418054385e-08
3.500000000000000000e+01 3.105460252418054385e-08
3.600000000000000000e+01 3.105460252418054385e-08
3.700000000000000000e+01 3.105460252418054385e-08
3.800000000000000000e+01 3.105460252418054385e-08
3.900000000000000000e+01 3.105460252418054385e-08
4.000000000000000000e+01 3.105460252418054385e-08
4.100000000000000000e+01 3.105460252418054385e-08
4.200000000000000000e+01 3.105460252418054385e-08
4.300000000000000000e+01 3.105460252418054385e-08
4.400000000000000000e+01 3.105460252418054385e-08
4.500000000000000000e+01 3.105460252418054385e-08
4.600000000000000000e+01 3.105460252418054385e-08
4.700000000000000000e+01 3.105460252418054385e-08
4.800000000000000000e+01 3.105460252418054385e-08
4.900000000000000000e+01 3.105460252418054385e-08
5.000000000000000000e+01 3.105460252418054385e-08
5.100000000000000000e+01 3.105460252418054385e-08
5.200000000000000000e+01 3.105460252418054385e-08
5.300000000000000000e+01 3.105460252418054385e-08
5.400000000000000000e+01 3.105460252418054385e-08
5.500000000000000000e+01 3.105460252418054385e-08
5.600000000000000000e+01 3.105460252418054385e-08
5.700000000000000000e+01 3.105460252418054385e-08
5.800000000000000000e+01 3.105460252418054385e-08
5.900000000000000000e+01 3.105460252418054385e-08
6.000000000000000000e+01 3.105460252418054385e-08
6.100000000000000000e+01 3.105460252418054385e-08
6.200000000000000000e+01 3.105460252418054385e-08
6.300000000000000000e+01 3.105460252418054385e-08
6.400000000000000000e+01 3.105460252418054385e-08
6.500000000000000000e+01 3.105460252418054385e-08
6.600000000000000000e+01 3.108244561426367394e-08
6.700000000000000000e+01 3.111028870434680404e-08
6.800000000000000000e+01 3.113813179442993413e-08
6.900000000000000000e+01 3.116597488451306422e-08
7.000000000000000000e+01 3.119381797459619431e-08
7.100000000000000000e+01 3.122166106467932440e-08
7.200000000000000000e+01 3.124950415476245450e-08
7.300000000000000000e+01 3.127734724484558459e-08
7.400000000000000000e+01 3.130519033492871468e-08
7.500000000000000000e+01 3.133303342501184477e-08
7.600000000000000000e+01 3.138693686280770623e-08
7.700000000000000000e+01 3.144084030060357432e-08
7.800000000000000000e+01 3.149474373839943578e-08
7.900000000000000000e+01 3.154864717619530386e-08
8.000000000000000000e+01 3.160255061399116532e-08
8.100000000000000000e+01 3.165645405178702679e-08
8.200000000000000000e+01 3.171035748958289487e-08
8.300000000000000000e+01 3.176426092737875633e-08
8.400000000000000000e+01 3.181816436517462441e-08
8.500000000000000000e+01 3.187206780297048588e-08
8.600000000000000000e+01 3.192370494752228265e-08
8.700000000000000000e+01 3.197534209207407943e-08
8.800000000000000000e+01 3.202697923662587620e-08
8.900000000000000000e+01 3.207861638117767298e-08
9.000000000000000000e+01 3.213025352572947637e-08
9.100000000000000000e+01 3.218189067028127314e-08
9.200000000000000000e+01 3.223352781483306992e-08
9.300000000000000000e+01 3.228516495938486670e-08
9.400000000000000000e+01 3.233680210393666347e-08
9.500000000000000000e+01 3.238843924848846025e-08
9.600000000000000000e+01 3.246005476931298075e-08
9.700000000000000000e+01 3.253167029013750126e-08
9.800000000000000000e+01 3.260328581096201516e-08
9.900000000000000000e+01 3.267490133178653566e-08
1.000000000000000000e+02 3.274651685261105617e-08
1.010000000000000000e+02 3.281813237343557668e-08
1.020000000000000000e+02 3.288974789426009719e-08
1.030000000000000000e+02 3.296136341508461108e-08
1.040000000000000000e+02 3.303297893590913159e-08
1.050000000000000000e+02 3.310459445673365210e-08
1.060000000000000000e+02 3.319330911826742598e-08
1.070000000000000000e+02 3.328202377980119985e-08
1.080000000000000000e+02 3.337073844133497373e-08
1.090000000000000000e+02 3.345945310286874761e-08
1.100000000000000000e+02 3.354816776440252810e-08
1.110000000000000000e+02 3.363688242593630198e-08
1.120000000000000000e+02 3.372559708747007586e-08
1.130000000000000000e+02 3.381431174900384974e-08
1.140000000000000000e+02 3.390302641053762361e-08
1.150000000000000000e+02 3.399174107207139749e-08
1.160000000000000000e+02 3.407493564921498167e-08
1.170000000000000000e+02 3.415813022635856585e-08
1.180000000000000000e+02 3.424132480350215003e-08
1.190000000000000000e+02 3.432451938064573421e-08
1.200000000000000000e+02 3.440771395778931177e-08
1.210000000000000000e+02 3.449090853493289595e-08
1.220000000000000000e+02 3.457410311207648014e-08
1.230000000000000000e+02 3.465729768922006432e-08
1.240000000000000000e+02 3.474049226636364850e-08
1.250000000000000000e+02 3.482368684350723268e-08
1.260000000000000000e+02 3.490187541869266101e-08
1.270000000000000000e+02 3.498006399387808272e-08
1.280000000000000000e+02 3.505825256906351105e-08
1.290000000000000000e+02 3.513644114424893938e-08
1.300000000000000000e+02 3.521462971943436109e-08
1.310000000000000000e+02 3.529281829461978942e-08
1.320000000000000000e+02 3.537100686980521775e-08
1.330000000000000000e+02 3.544919544499064608e-08
1.340000000000000000e+02 3.552738402017606779e-08
1.350000000000000000e+02 3.560557259536149612e-08
1.360000000000000000e+02 3.568667841946409972e-08
1.370000000000000000e+02 3.576778424356669670e-08
1.380000000000000000e+02 3.584889006766930030e-08
1.390000000000000000e+02 3.592999589177189728e-08
1.400000000000000000e+02 3.601110171587450088e-08
1.410000000000000000e+02 3.609220753997710447e-08
1.420000000000000000e+02 3.617331336407970145e-08
1.430000000000000000e+02 3.625441918818230505e-08
1.440000000000000000e+02 3.633552501228490203e-08
1.450000000000000000e+02 3.641663083638750563e-08
1.460000000000000000e+02 3.650013349472001067e-08
1.470000000000000000e+02 3.658363615305251571e-08
1.480000000000000000e+02 3.666713881138502075e-08
1.490000000000000000e+02 3.675064146971752579e-08
1.500000000000000000e+02 3.683414412805003083e-08
1.510000000000000000e+02 3.691764678638253587e-08
1.520000000000000000e+02 3.700114944471504091e-08
1.530000000000000000e+02 3.708465210304754595e-08
1.540000000000000000e+02 3.716815476138005099e-08
1.550000000000000000e+02 3.725165741971255603e-08
1.560000000000000000e+02 3.735962025481662365e-08
1.570000000000000000e+02 3.746758308992069126e-08
1.580000000000000000e+02 3.757554592502475888e-08
1.590000000000000000e+02 3.768350876012882649e-08
1.600000000000000000e+02 3.779147159523289411e-08
1.610000000000000000e+02 3.789943443033696172e-08
1.620000000000000000e+02 3.800739726544102934e-08
1.630000000000000000e+02 3.811536010054509695e-08
1.640000000000000000e+02 3.822332293564916457e-08
1.650000000000000000e+02 3.833128577075323218e-08
1.660000000000000000e+02 3.845776744150969129e-08
1.670000000000000000e+02 3.858424911226615039e-08
1.680000000000000000e+02 3.871073078302261612e-08
1.690000000000000000e+02 3.883721245377907523e-08
1.700000000000000000e+02 3.896369412453553433e-08
1.710000000000000000e+02 3.909017579529199344e-08
1.720000000000000000e+02 3.921665746604845255e-08
1.730000000000000000e+02 3.934313913680491827e-08
1.740000000000000000e+02 3.946962080756137738e-08
1.750000000000000000e+02 3.959610247831783648e-08
1.760000000000000000e+02 3.971138482167308590e-08
1.770000000000000000e+02 3.982666716502833532e-08
1.780000000000000000e+02 3.994194950838358473e-08
1.790000000000000000e+02 4.005723185173883415e-08
1.800000000000000000e+02 4.017251419509407695e-08
1.810000000000000000e+02 4.028779653844932636e-08
1.820000000000000000e+02 4.040307888180457578e-08
1.830000000000000000e+02 4.051836122515982519e-08
1.840000000000000000e+02 4.063364356851507461e-08
1.850000000000000000e+02 4.074892591187032403e-08
1.860000000000000000e+02 4.085467497431850021e-08
1.870000000000000000e+02 4.096042403676667640e-08
1.880000000000000000e+02 4.106617309921485259e-08
1.890000000000000000e+02 4.117192216166302877e-08
1.900000000000000000e+02 4.127767122411121158e-08
1.910000000000000000e+02 4.138342028655938776e-08
1.920000000000000000e+02 4.148916934900756395e-08
1.930000000000000000e+02 4.159491841145574013e-08
1.940000000000000000e+02 4.170066747390391632e-08
1.950000000000000000e+02 4.180641653635209251e-08
1.960000000000000000e+02 4.189158993943336291e-08
1.970000000000000000e+02 4.197676334251463331e-08
1.980000000000000000e+02 4.206193674559589709e-08
1.990000000000000000e+02 4.214711014867716749e-08
2.000000000000000000e+02 4.223228355175843789e-08
2.010000000000000000e+02 4.231745695483970829e-08
2.020000000000000000e+02 4.240263035792097869e-08
2.030000000000000000e+02 4.248780376100224247e-08
2.040000000000000000e+02 4.257297716408351287e-08
2.050000000000000000e+02 4.265815056716478327e-08
2.060000000000000000e+02 4.272596002650178361e-08
2.070000000000000000e+02 4.279376948583877732e-08
2.080000000000000000e+02 4.286157894517577766e-08
2.090000000000000000e+02 4.292938840451277800e-08
2.100000000000000000e+02 4.299719786384977833e-08
2.110000000000000000e+02 4.306500732318677205e-08
2.120000000000000000e+02 4.313281678252377239e-08
2.130000000000000000e+02 4.320062624186077272e-08
2.140000000000000000e+02 4.326843570119776644e-08
2.150000000000000000e+02 4.333624516053476678e-08
2.160000000000000000e+02 4.343610915243650039e-08
2.170000000000000000e+02 4.353597314433823400e-08
2.180000000000000000e+02 4.363583713623996762e-08
2.190000000000000000e+02 4.373570112814170123e-08
2.200000000000000000e+02 4.383556512004343485e-08
2.210000000000000000e+02 4.393542911194517508e-08
2.220000000000000000e+02 4.403529310384690869e-08
2.230000000000000000e+02 4.413515709574864231e-08
2.240000000000000000e+02 4.423502108765037592e-08
2.250000000000000000e+02 4.433488507955210954e-08
2.260000000000000000e+02 4.446123392628909391e-08
2.270000000000000000e+02 4.458758277302607167e-08
2.280000000000000000e+02 4.471393161976305604e-08
2.290000000000000000e+02 4.484028046650004042e-08
2.300000000000000000e+02 4.496662931323701817e-08
2.310000000000000000e+02 4.509297815997400255e-08
2.320000000000000000e+02 4.521932700671098692e-08
2.330000000000000000e+02 4.534567585344797130e-08
2.340000000000000000e+02 4.547202470018494905e-08
2.350000000000000000e+02 4.559837354692193343e-08
2.360000000000000000e+02 4.571489586287207196e-08
2.370000000000000000e+02 4.583141817882220387e-08
2.380000000000000000e+02 4.594794049477234240e-08
2.390000000000000000e+02 4.606446281072247431e-08
2.400000000000000000e+02 4.618098512667261284e-08
2.410000000000000000e+02 4.629750744262275137e-08
2.420000000000000000e+02 4.641402975857288328e-08
2.430000000000000000e+02 4.653055207452302181e-08
2.440000000000000000e+02 4.664707439047315373e-08
2.450000000000000000e+02 4.676359670642329225e-08
2.460000000000000000e+02 4.687088945596808359e-08
2.470000000000000000e+02 4.697818220551286831e-08
2.480000000000000000e+02 4.708547495505765965e-08
2.490000000000000000e+02 4.719276770460244437e-08
2.500000000000000000e+02 4.730006045414723571e-08
2.510000000000000000e+02 4.740735320369202705e-08
2.520000000000000000e+02 4.751464595323681177e-08
2.530000000000000000e+02 4.762193870278160311e-08
2.540000000000000000e+02 4.772923145232638783e-08
2.550000000000000000e+02 4.783652420187117917e-08
2.560000000000000000e+02 4.793089203100603759e-08
2.570000000000000000e+02 4.802525986014089601e-08
2.580000000000000000e+02 4.811962768927575443e-08
2.590000000000000000e+02 4.821399551841061286e-08
2.600000000000000000e+02 4.830836334754547128e-08
2.610000000000000000e+02 4.840273117668032970e-08
2.620000000000000000e+02 4.849709900581518812e-08
2.630000000000000000e+02 4.859146683495004654e-08
2.640000000000000000e+02 4.868583466408490497e-08
2.650000000000000000e+02 4.878020249321976339e-08
2.660000000000000000e+02 4.886403601258923057e-08
2.670000000000000000e+02 4.894786953195870436e-08
2.680000000000000000e+02 4.903170305132817154e-08
2.690000000000000000e+02 4.911553657069764534e-08
2.700000000000000000e+02 4.919937009006711252e-08
2.710000000000000000e+02 4.928320360943657970e-08
2.720000000000000000e+02 4.936703712880605349e-08
2.730000000000000000e+02 4.945087064817552067e-08
2.740000000000000000e+02 4.953470416754499447e-08
2.750000000000000000e+02 4.961853768691446165e-08
2.760000000000000000e+02 4.969813122248838216e-08
2.770000000000000000e+02 4.977772475806230929e-08
2.780000000000000000e+02 4.985731829363623642e-08
2.790000000000000000e+02 4.993691182921015693e-08
2.800000000000000000e+02 5.001650536478407745e-08
2.810000000000000000e+02 5.009609890035800458e-08
2.820000000000000000e+02 5.017569243593193171e-08
2.830000000000000000e+02 5.025528597150585222e-08
2.840000000000000000e+02 5.033487950707977273e-08
2.850000000000000000e+02 5.041447304265369986e-08
2.860000000000000000e+02 5.048703354434927842e-08
2.870000000000000000e+02 5.055959404604485698e-08
2.880000000000000000e+02 5.063215454774043554e-08
2.890000000000000000e+02 5.070471504943601410e-08
2.900000000000000000e+02 5.077727555113159266e-08
2.910000000000000000e+02 5.084983605282717122e-08
2.920000000000000000e+02 5.092239655452274978e-08
2.930000000000000000e+02 5.099495705621832834e-08
2.940000000000000000e+02 5.106751755791390690e-08
2.950000000000000000e+02 5.114007805960948546e-08
2.960000000000000000e+02 5.120630117502498751e-08
2.970000000000000000e+02 5.127252429044049618e-08
2.980000000000000000e+02 5.133874740585599823e-08
2.990000000000000000e+02 5.140497052127150689e-08
3.000000000000000000e+02 5.147119363668700894e-08
3.010000000000000000e+02 5.153741675210251099e-08
3.020000000000000000e+02 5.160363986751801966e-08
3.030000000000000000e+02 5.166986298293352171e-08
3.040000000000000000e+02 5.173608609834903038e-08
3.050000000000000000e+02 5.180230921376453243e-08
3.060000000000000000e+02 5.188301753598853674e-08
3.070000000000000000e+02 5.196372585821253443e-08
3.080000000000000000e+02 5.204443418043653212e-08
3.090000000000000000e+02 5.212514250266053643e-08
3.100000000000000000e+02 5.220585082488454074e-08
3.110000000000000000e+02 5.228655914710853843e-08
3.120000000000000000e+02 5.236726746933253612e-08
3.130000000000000000e+02 5.244797579155654043e-08
3.140000000000000000e+02 5.252868411378054474e-08
3.150000000000000000e+02 5.260939243600454243e-08
3.160000000000000000e+02 5.267794068595253055e-08
3.170000000000000000e+02 5.274648893590052529e-08
3.180000000000000000e+02 5.281503718584851341e-08
3.190000000000000000e+02 5.288358543579650815e-08
3.200000000000000000e+02 5.295213368574449627e-08
3.210000000000000000e+02 5.302068193569248439e-08
3.220000000000000000e+02 5.308923018564047912e-08
3.230000000000000000e+02 5.315777843558846724e-08
3.240000000000000000e+02 5.322632668553646198e-08
3.250000000000000000e+02 5.329487493548445010e-08
3.260000000000000000e+02 5.333598871625183917e-08
3.270000000000000000e+02 5.337710249701922823e-08
3.280000000000000000e+02 5.341821627778661729e-08
3.290000000000000000e+02 5.345933005855400635e-08
3.300000000000000000e+02 5.350044383932138880e-08
3.310000000000000000e+02 5.354155762008877786e-08
3.320000000000000000e+02 5.358267140085616692e-08
3.330000000000000000e+02 5.362378518162355599e-08
3.340000000000000000e+02 5.366489896239094505e-08
3.350000000000000000e+02 5.370601274315833411e-08
3.360000000000000000e+02 5.374712592283382141e-08
3.370000000000000000e+02 5.378823910250930210e-08
3.380000000000000000e+02 5.382935228218478940e-08
3.390000000000000000e+02 5.387046546186027008e-08
3.400000000000000000e+02 5.391157864153575738e-08
3.410000000000000000e+02 5.395269182121124468e-08
3.420000000000000000e+02 5.399380500088672537e-08
3.430000000000000000e+02 5.403491818056221267e-08
3.440000000000000000e+02 5.407603136023769335e-08
3.450000000000000000e+02 5.411714453991318066e-08
3.460000000000000000e+02 5.415825713275699600e-08
3.470000000000000000e+02 5.419936972560081134e-08
3.480000000000000000e+02 5.424048231844462668e-08
3.490000000000000000e+02 5.428159491128844202e-08
3.500000000000000000e+02 5.432270750413225075e-08
3.510000000000000000e+02 5.436382009697606609e-08
3.520000000000000000e+02 5.440493268981988143e-08
3.530000000000000000e+02 5.444604528266369677e-08
3.540000000000000000e+02 5.448715787550751211e-08
3.550000000000000000e+02 5.452827046835132746e-08
3.560000000000000000e+02 5.455882749454068272e-08
3.570000000000000000e+02 5.458938452073003798e-08
3.580000000000000000e+02 5.461994154691939324e-08
3.590000000000000000e+02 5.465049857310874851e-08
3.600000000000000000e+02 5.468105559929809715e-08
3.610000000000000000e+02 5.471161262548745242e-08
3.620000000000000000e+02 5.474216965167680768e-08
3.630000000000000000e+02 5.477272667786616294e-08
3.640000000000000000e+02 5.480328370405551820e-08
3.650000000000000000e+02 5.483384073024487347e-08
3.660000000000000000e+02 5.485989427967106430e-08
3.670000000000000000e+02 5.488594782909726174e-08
3.680000000000000000e+02 5.491200137852345257e-08
3.690000000000000000e+02 5.493805492794964340e-08
3.700000000000000000e+02 5.496410847737584085e-08
3.710000000000000000e+02 5.499016202680203168e-08
3.720000000000000000e+02 5.501621557622822251e-08
3.730000000000000000e+02 5.504226912565441334e-08
3.740000000000000000e+02 5.506832267508061078e-08
3.750000000000000000e+02 5.509437622450680161e-08
3.760000000000000000e+02 5.512622412346778935e-08
3.770000000000000000e+02 5.515807202242877047e-08
3.780000000000000000e+02 5.518991992138975160e-08
3.790000000000000000e+02 5.522176782035073934e-08
3.800000000000000000e+02 5.525361571931172708e-08
3.810000000000000000e+02 5.528546361827270820e-08
3.820000000000000000e+02 5.531731151723368932e-08
3.830000000000000000e+02 5.534915941619467706e-08
3.840000000000000000e+02 5.538100731515566480e-08
3.850000000000000000e+02 5.541285521411664592e-08
3.860000000000000000e+02 5.544344171613288638e-08
3.870000000000000000e+02 5.547402821814912021e-08
3.880000000000000000e+02 5.550461472016536067e-08
3.890000000000000000e+02 5.553520122218159451e-08
3.900000000000000000e+02 5.556578772419783496e-08
3.910000000000000000e+02 5.559637422621407542e-08
3.920000000000000000e+02 5.562696072823030925e-08
3.930000000000000000e+02 5.565754723024654971e-08
3.940000000000000000e+02 5.568813373226278355e-08
3.950000000000000000e+02 5.571872023427902400e-08
3.960000000000000000e+02 5.574799226351435342e-08
3.970000000000000000e+02 5.577726429274967622e-08
3.980000000000000000e+02 5.580653632198500563e-08
3.990000000000000000e+02 5.583580835122032843e-08
4.000000000000000000e+02 5.586508038045565784e-08
4.010000000000000000e+02 5.589435240969098726e-08
4.020000000000000000e+02 5.592362443892631006e-08
4.030000000000000000e+02 5.595289646816163947e-08
4.040000000000000000e+02 5.598216849739696227e-08
4.050000000000000000e+02 5.601144052663229168e-08
4.060000000000000000e+02 5.604342957429696944e-08
4.070000000000000000e+02 5.607541862196164720e-08
4.080000000000000000e+02 5.610740766962632496e-08
4.090000000000000000e+02 5.613939671729100272e-08
4.100000000000000000e+02 5.617138576495568048e-08
4.110000000000000000e+02 5.620337481262036486e-08
4.120000000000000000e+02 5.623536386028504262e-08
4.130000000000000000e+02 5.626735290794972038e-08
4.140000000000000000e+02 5.629934195561439814e-08
4.150000000000000000e+02 5.633133100327907590e-08
4.160000000000000000e+02 5.636539225253934748e-08
4.170000000000000000e+02 5.639945350179961906e-08
4.180000000000000000e+02 5.643351475105989063e-08
4.190000000000000000e+02 5.646757600032016221e-08
4.200000000000000000e+02 5.650163724958043379e-08
4.210000000000000000e+02 5.653569849884069875e-08
4.220000000000000000e+02 5.656975974810097033e-08
4.230000000000000000e+02 5.660382099736124191e-08
4.240000000000000000e+02 5.663788224662151349e-08
4.250000000000000000e+02 5.667194349588178507e-08
4.260000000000000000e+02 5.669900761835136531e-08
4.270000000000000000e+02 5.672607174082094556e-08
4.280000000000000000e+02 5.675313586329052580e-08
4.290000000000000000e+02 5.678019998576010605e-08
4.300000000000000000e+02 5.680726410822967968e-08
4.310000000000000000e+02 5.683432823069925992e-08
4.320000000000000000e+02 5.686139235316884017e-08
4.330000000000000000e+02 5.688845647563842041e-08
4.340000000000000000e+02 5.691552059810800066e-08
4.350000000000000000e+02 5.694258472057758090e-08
4.360000000000000000e+02 5.697341717614013141e-08
4.370000000000000000e+02 5.700424963170267529e-08
4.380000000000000000e+02 5.703508208726522580e-08
4.390000000000000000e+02 5.706591454282776968e-08
4.400000000000000000e+02 5.709674699839032019e-08
4.410000000000000000e+02 5.712757945395287069e-08
4.420000000000000000e+02 5.715841190951541458e-08
4.430000000000000000e+02 5.718924436507796508e-08
4.440000000000000000e+02 5.722007682064050897e-08
4.450000000000000000e+02 5.725090927620305947e-08
4.460000000000000000e+02 5.729148901644448326e-08
4.470000000000000000e+02 5.733206875668590704e-08
4.480000000000000000e+02 5.737264849692732421e-08
4.490000000000000000e+02 5.741322823716874800e-08
4.500000000000000000e+02 5.745380797741017178e-08
4.510000000000000000e+02 5.749438771765159557e-08
4.520000000000000000e+02 5.753496745789301935e-08
4.530000000000000000e+02 5.757554719813443652e-08
4.540000000000000000e+02 5.761612693837586031e-08
4.550000000000000000e+02 5.765670667861728409e-08
4.560000000000000000e+02 5.770628049119043296e-08
4.570000000000000000e+02 5.775585430376357520e-08
4.580000000000000000e+02 5.780542811633672407e-08
4.590000000000000000e+02 5.785500192890987293e-08
4.600000000000000000e+02 5.790457574148301518e-08
4.610000000000000000e+02 5.795414955405616404e-08
4.620000000000000000e+02 5.800372336662931291e-08
4.630000000000000000e+02 5.805329717920246177e-08
4.640000000000000000e+02 5.810287099177560402e-08
4.650000000000000000e+02 5.815244480434875288e-08
4.660000000000000000e+02 5.821110311426768340e-08
4.670000000000000000e+02 5.826976142418660729e-08
4.680000000000000000e+02 5.832841973410553780e-08
4.690000000000000000e+02 5.838707804402446169e-08
4.700000000000000000e+02 5.844573635394339220e-08
4.710000000000000000e+02 5.850439466386232271e-08
4.720000000000000000e+02 5.856305297378124661e-08
4.730000000000000000e+02 5.862171128370017712e-08
4.740000000000000000e+02 5.868036959361910101e-08
4.750000000000000000e+02 5.873902790353803152e-08
4.760000000000000000e+02 5.879774023660955283e-08
4.770000000000000000e+02 5.885645256968107415e-08
4.780000000000000000e+02 5.891516490275259546e-08
4.790000000000000000e+02 5.897387723582411677e-08
4.800000000000000000e+02 5.903258956889563808e-08
4.810000000000000000e+02 5.909130190196716601e-08
4.820000000000000000e+02 5.915001423503868732e-08
4.830000000000000000e+02 5.920872656811020863e-08
4.840000000000000000e+02 5.926743890118172994e-08
4.850000000000000000e+02 5.932615123425325126e-08
4.860000000000000000e+02 5.938498227034957664e-08
4.870000000000000000e+02 5.944381330644590203e-08
4.880000000000000000e+02 5.950264434254222741e-08
4.890000000000000000e+02 5.956147537863855280e-08
4.900000000000000000e+02 5.962030641473488480e-08
4.910000000000000000e+02 5.967913745083120357e-08
4.920000000000000000e+02 5.973796848692752233e-08
4.930000000000000000e+02 5.979679952302385434e-08
4.940000000000000000e+02 5.985563055912018634e-08
4.950000000000000000e+02 5.991446159521650511e-08
4.960000000000000000e+02 5.996112885808687725e-08
4.970000000000000000e+02 6.000779612095724940e-08
4.980000000000000000e+02 6.005446338382763478e-08
4.990000000000000000e+02 6.010113064669800693e-08
5.000000000000000000e+02 6.014779790956837908e-08
5.010000000000000000e+02 6.019446517243875122e-08
5.020000000000000000e+02 6.024113243530912337e-08
5.030000000000000000e+02 6.028779969817950875e-08
5.040000000000000000e+02 6.033446696104988090e-08
5.050000000000000000e+02 6.038113422392025305e-08
5.060000000000000000e+02 6.044129491523348530e-08
5.070000000000000000e+02 6.050145560654673078e-08
5.080000000000000000e+02 6.056161629785996303e-08
5.090000000000000000e+02 6.062177698917319528e-08
5.100000000000000000e+02 6.068193768048644077e-08
5.110000000000000000e+02 6.074209837179967302e-08
5.120000000000000000e+02 6.080225906311290527e-08
5.130000000000000000e+02 6.086241975442613752e-08
5.140000000000000000e+02 6.092258044573938300e-08
5.150000000000000000e+02 6.098274113705261526e-08
5.160000000000000000e+02 6.105897154735093528e-08
5.170000000000000000e+02 6.113520195764925530e-08
5.180000000000000000e+02 6.121143236794756208e-08
5.190000000000000000e+02 6.128766277824588210e-08
5.200000000000000000e+02 6.136389318854420213e-08
5.210000000000000000e+02 6.144012359884252215e-08
5.220000000000000000e+02 6.151635400914084217e-08
5.230000000000000000e+02 6.159258441943914895e-08
5.240000000000000000e+02 6.166881482973746898e-08
5.250000000000000000e+02 6.174504524003578900e-08
5.260000000000000000e+02 6.181167350457305613e-08
5.270000000000000000e+02 6.187830176911032326e-08
5.280000000000000000e+02 6.194493003364760363e-08
5.290000000000000000e+02 6.201155829818487076e-08
5.300000000000000000e+02 6.207818656272213790e-08
5.310000000000000000e+02 6.214481482725940503e-08
5.320000000000000000e+02 6.221144309179667216e-08
5.330000000000000000e+02 6.227807135633395253e-08
5.340000000000000000e+02 6.234469962087121966e-08
5.350000000000000000e+02 6.241132788540848680e-08
5.360000000000000000e+02 6.247791925125402922e-08
5.370000000000000000e+02 6.254451061709957165e-08
5.380000000000000000e+02 6.261110198294511407e-08
5.390000000000000000e+02 6.267769334879065650e-08
5.400000000000000000e+02 6.274428471463618569e-08
5.410000000000000000e+02 6.281087608048172811e-08
5.420000000000000000e+02 6.287746744632727054e-08
5.430000000000000000e+02 6.294405881217281296e-08
5.440000000000000000e+02 6.301065017801835539e-08
5.450000000000000000e+02 6.307724154386389781e-08
5.460000000000000000e+02 6.316868733480356733e-08
5.470000000000000000e+02 6.326013312574323684e-08
5.480000000000000000e+02 6.335157891668291959e-08
5.490000000000000000e+02 6.344302470762258911e-08
5.500000000000000000e+02 6.353447049856225863e-08
5.510000000000000000e+02 6.362591628950192814e-08
5.520000000000000000e+02 6.371736208044159766e-08
5.530000000000000000e+02 6.380880787138128041e-08
5.540000000000000000e+02 6.390025366232094992e-08
5.550000000000000000e+02 6.399169945326061944e-08
5.560000000000000000e+02 6.408581897143548224e-08
5.570000000000000000e+02 6.417993848961034504e-08
5.580000000000000000e+02 6.427405800778522108e-08
5.590000000000000000e+02 6.436817752596008388e-08
5.600000000000000000e+02 6.446229704413494669e-08
5.610000000000000000e+02 6.455641656230980949e-08
5.620000000000000000e+02 6.465053608048467229e-08
5.630000000000000000e+02 6.474465559865954833e-08
5.640000000000000000e+02 6.483877511683441113e-08
5.650000000000000000e+02 6.493289463500927393e-08
5.660000000000000000e+02 6.500482680716087920e-08
5.670000000000000000e+02 6.507675897931248446e-08
5.680000000000000000e+02 6.514869115146410296e-08
5.690000000000000000e+02 6.522062332361570823e-08
5.700000000000000000e+02 6.529255549576731350e-08
5.710000000000000000e+02 6.536448766791891876e-08
5.720000000000000000e+02 6.543641984007052403e-08
5.730000000000000000e+02 6.550835201222214253e-08
5.740000000000000000e+02 6.558028418437374779e-08
5.750000000000000000e+02 6.565221635652535306e-08
5.760000000000000000e+02 6.574991988949120211e-08
5.770000000000000000e+02 6.584762342245706439e-08
5.780000000000000000e+02 6.594532695542291344e-08
5.790000000000000000e+02 6.604303048838876248e-08
5.800000000000000000e+02 6.614073402135462477e-08
5.810000000000000000e+02 6.623843755432047381e-08
5.820000000000000000e+02 6.633614108728632286e-08
5.830000000000000000e+02 6.643384462025217191e-08
5.840000000000000000e+02 6.653154815321803419e-08
5.850000000000000000e+02 6.662925168618388324e-08
5.860000000000000000e+02 6.673039920105411680e-08
5.870000000000000000e+02 6.683154671592436359e-08
5.880000000000000000e+02 6.693269423079459715e-08
5.890000000000000000e+02 6.703384174566483071e-08
5.900000000000000000e+02 6.713498926053506428e-08
5.910000000000000000e+02 6.723613677540531107e-08
5.920000000000000000e+02 6.733728429027554463e-08
5.930000000000000000e+02 6.743843180514577819e-08
5.940000000000000000e+02 6.753957932001602499e-08
5.950000000000000000e+02 6.764072683488625855e-08
5.960000000000000000e+02 6.771954409247655625e-08
5.970000000000000000e+02 6.779836135006685395e-08
5.980000000000000000e+02 6.787717860765715165e-08
5.990000000000000000e+02 6.795599586524744935e-08
6.000000000000000000e+02 6.803481312283774705e-08
6.010000000000000000e+02 6.811363038042804475e-08
6.020000000000000000e+02 6.819244763801834245e-08
6.030000000000000000e+02 6.827126489560864015e-08
6.040000000000000000e+02 6.835008215319893785e-08
6.050000000000000000e+02 6.842889941078923555e-08
6.060000000000000000e+02 6.849536450925004079e-08
6.070000000000000000e+02 6.856182960771084603e-08
6.080000000000000000e+02 6.862829470617165127e-08
6.090000000000000000e+02 6.869475980463245651e-08
6.100000000000000000e+02 6.876122490309327498e-08
6.110000000000000000e+02 6.882769000155408022e-08
6.120000000000000000e+02 6.889415510001488545e-08
6.130000000000000000e+02 6.896062019847569069e-08
6.140000000000000000e+02 6.902708529693649593e-08
6.150000000000000000e+02 6.909355039539730117e-08
6.160000000000000000e+02 6.917936835433720017e-08
6.170000000000000000e+02 6.926518631327708595e-08
6.180000000000000000e+02 6.935100427221698495e-08
6.190000000000000000e+02 6.943682223115688396e-08
6.200000000000000000e+02 6.952264019009676973e-08
6.210000000000000000e+02 6.960845814903666874e-08
6.220000000000000000e+02 6.969427610797656775e-08
6.230000000000000000e+02 6.978009406691646675e-08
6.240000000000000000e+02 6.986591202585635252e-08
6.250000000000000000e+02 6.995172998479625153e-08
6.260000000000000000e+02 7.006922757477831358e-08
6.270000000000000000e+02 7.018672516476037562e-08
6.280000000000000000e+02 7.030422275474245090e-08
6.290000000000000000e+02 7.042172034472451295e-08
6.300000000000000000e+02 7.053921793470657499e-08
6.310000000000000000e+02 7.065671552468863704e-08
6.320000000000000000e+02 7.077421311467069908e-08
6.330000000000000000e+02 7.089171070465277436e-08
6.340000000000000000e+02 7.100920829463483641e-08
6.350000000000000000e+02 7.112670588461689845e-08
6.360000000000000000e+02 7.121207927067717171e-08
6.370000000000000000e+02 7.129745265673744496e-08
6.380000000000000000e+02 7.138282604279770498e-08
6.390000000000000000e+02 7.146819942885797823e-08
6.400000000000000000e+02 7.155357281491825148e-08
6.410000000000000000e+02 7.163894620097852474e-08
6.420000000000000000e+02 7.172431958703879799e-08
6.430000000000000000e+02 7.180969297309905801e-08
6.440000000000000000e+02 7.189506635915933126e-08
6.450000000000000000e+02 7.198043974521960452e-08
6.460000000000000000e+02 7.206550424986118573e-08
6.470000000000000000e+02 7.215056875450275371e-08
6.480000000000000000e+02 7.223563325914433493e-08
6.490000000000000000e+02 7.232069776378591615e-08
6.500000000000000000e+02 7.240576226842749736e-08
6.510000000000000000e+02 7.249082677306906535e-08
6.520000000000000000e+02 7.257589127771064656e-08
6.530000000000000000e+02 7.266095578235222778e-08
6.540000000000000000e+02 7.274602028699379576e-08
6.550000000000000000e+02 7.283108479163537698e-08
6.560000000000000000e+02 7.292589952069478182e-08
6.570000000000000000e+02 7.302071424975419990e-08
6.580000000000000000e+02 7.311552897881360475e-08
6.590000000000000000e+02 7.321034370787300959e-08
6.600000000000000000e+02 7.330515843693241443e-08
6.610000000000000000e+02 7.339997316599183251e-08
6.620000000000000000e+02 7.349478789505123736e-08
6.630000000000000000e+02 7.358960262411064220e-08
6.640000000000000000e+02 7.368441735317006028e-08
6.650000000000000000e+02 7.377923208222946513e-08
6.660000000000000000e+02 7.385197811942871214e-08
6.670000000000000000e+02 7.392472415662795916e-08
6.680000000000000000e+02 7.399747019382720617e-08
6.690000000000000000e+02 7.407021623102645319e-08
6.700000000000000000e+02 7.414296226822571343e-08
6.710000000000000000e+02 7.421570830542496045e-08
6.720000000000000000e+02 7.428845434262420746e-08
6.730000000000000000e+02 7.436120037982345448e-08
6.740000000000000000e+02 7.443394641702270149e-08
6.750000000000000000e+02 7.450669245422194851e-08
6.760000000000000000e+02 7.458364617099116410e-08
6.770000000000000000e+02 7.466059988776036647e-08
6.780000000000000000e+02 7.473755360452958207e-08
6.790000000000000000e+02 7.481450732129879766e-08
6.800000000000000000e+02 7.489146103806800003e-08
6.810000000000000000e+02 7.496841475483721562e-08
6.820000000000000000e+02 7.504536847160643122e-08
6.830000000000000000e+02 7.512232218837564682e-08
6.840000000000000000e+02 7.519927590514484918e-08
6.850000000000000000e+02 7.527622962191406478e-08
6.860000000000000000e+02 7.535729862805591195e-08
6.870000000000000000e+02 7.543836763419775913e-08
6.880000000000000000e+02 7.551943664033960630e-08
6.890000000000000000e+02 7.560050564648145347e-08
6.900000000000000000e+02 7.568157465262331388e-08
6.910000000000000000e+02 7.576264365876516105e-08
6.920000000000000000e+02 7.584371266490700823e-08
6.930000000000000000e+02 7.592478167104885540e-08
6.940000000000000000e+02 7.600585067719070257e-08
6.950000000000000000e+02 7.608691968333254974e-08
6.960000000000000000e+02 7.616772609947988659e-08
6.970000000000000000e+02 7.624853251562722343e-08
6.980000000000000000e+02 7.632933893177454704e-08
6.990000000000000000e+02 7.641014534792188389e-08
7.000000000000000000e+02 7.649095176406922073e-08
7.010000000000000000e+02 7.657175818021655758e-08
7.020000000000000000e+02 7.665256459636389442e-08
7.030000000000000000e+02 7.673337101251121803e-08
7.040000000000000000e+02 7.681417742865855487e-08
7.050000000000000000e+02 7.689498384480589172e-08
7.060000000000000000e+02 7.698032504557609614e-08
7.070000000000000000e+02 7.706566624634630056e-08
7.080000000000000000e+02 7.715100744711650497e-08
7.090000000000000000e+02 7.723634864788670939e-08
7.100000000000000000e+02 7.732168984865691381e-08
7.110000000000000000e+02 7.740703104942713147e-08
7.120000000000000000e+02 7.749237225019733589e-08
7.130000000000000000e+02 7.757771345096754031e-08
7.140000000000000000e+02 7.766305465173774472e-08
7.150000000000000000e+02 7.774839585250794914e-08
7.160000000000000000e+02 7.784607011843726548e-08
7.170000000000000000e+02 7.794374438436656858e-08
7.180000000000000000e+02 7.804141865029587168e-08
7.190000000000000000e+02 7.813909291622518801e-08
7.200000000000000000e+02 7.823676718215450435e-08
7.210000000000000000e+02 7.833444144808380745e-08
7.220000000000000000e+02 7.843211571401311055e-08
7.230000000000000000e+02 7.852978997994242688e-08
7.240000000000000000e+02 7.862746424587174322e-08
7.250000000000000000e+02 7.872513851180104632e-08
7.260000000000000000e+02 7.881061233438438656e-08
7.270000000000000000e+02 7.889608615696772680e-08
7.280000000000000000e+02 7.898155997955106704e-08
7.290000000000000000e+02 7.906703380213440728e-08
7.300000000000000000e+02 7.915250762471774752e-08
7.310000000000000000e+02 7.923798144730108776e-08
7.320000000000000000e+02 7.932345526988442800e-08
7.330000000000000000e+02 7.940892909246776824e-08
7.340000000000000000e+02 7.949440291505110848e-08
7.350000000000000000e+02 7.957987673763444872e-08
7.360000000000000000e+02 7.965628521119724647e-08
7.370000000000000000e+02 7.973269368476003099e-08
7.380000000000000000e+02 7.980910215832282874e-08
7.390000000000000000e+02 7.988551063188562650e-08
7.400000000000000000e+02 7.996191910544841102e-08
7.410000000000000000e+02 8.003832757901120877e-08
7.420000000000000000e+02 8.011473605257400653e-08
7.430000000000000000e+02 8.019114452613680428e-08
7.440000000000000000e+02 8.026755299969958880e-08
7.450000000000000000e+02 8.034396147326238655e-08
7.460000000000000000e+02 8.042023147918732266e-08
7.470000000000000000e+02 8.049650148511225876e-08
7.480000000000000000e+02 8.057277149103719486e-08
7.490000000000000000e+02 8.064904149696213096e-08
7.500000000000000000e+02 8.072531150288706706e-08
7.510000000000000000e+02 8.080158150881200316e-08
7.520000000000000000e+02 8.087785151473693927e-08
7.530000000000000000e+02 8.095412152066187537e-08
7.540000000000000000e+02 8.103039152658681147e-08
7.550000000000000000e+02 8.110666153251174757e-08
7.560000000000000000e+02 8.117218902677524538e-08
7.570000000000000000e+02 8.123771652103874319e-08
7.580000000000000000e+02 8.130324401530224100e-08
7.590000000000000000e+02 8.136877150956573881e-08
7.600000000000000000e+02 8.143429900382923661e-08
7.610000000000000000e+02 8.149982649809272119e-08
7.620000000000000000e+02 8.156535399235621900e-08
7.630000000000000000e+02 8.163088148661971681e-08
7.640000000000000000e+02 8.169640898088321461e-08
7.650000000000000000e+02 8.176193647514671242e-08
7.660000000000000000e+02 8.184888404496001582e-08
7.670000000000000000e+02 8.193583161477331922e-08
7.680000000000000000e+02 8.202277918458663585e-08
7.690000000000000000e+02 8.210972675439993925e-08
7.700000000000000000e+02 8.219667432421324265e-08
7.710000000000000000e+02 8.228362189402654604e-08
7.720000000000000000e+02 8.237056946383984944e-08
7.730000000000000000e+02 8.245751703365316607e-08
7.740000000000000000e+02 8.254446460346646947e-08
7.750000000000000000e+02 8.263141217327977287e-08
7.760000000000000000e+02 8.275720671787615641e-08
7.770000000000000000e+02 8.288300126247253996e-08
7.780000000000000000e+02 8.300879580706891027e-08
7.790000000000000000e+02 8.313459035166529382e-08
7.800000000000000000e+02 8.326038489626167736e-08
7.810000000000000000e+02 8.338617944085806091e-08
7.820000000000000000e+02 8.351197398545444446e-08
7.830000000000000000e+02 8.363776853005081477e-08
7.840000000000000000e+02 8.376356307464719831e-08
7.850000000000000000e+02 8.388935761924358186e-08
7.860000000000000000e+02 8.399497583104961490e-08
7.870000000000000000e+02 8.410059404285563471e-08
7.880000000000000000e+02 8.420621225466166775e-08
7.890000000000000000e+02 8.431183046646768756e-08
7.900000000000000000e+02 8.441744867827372060e-08
7.910000000000000000e+02 8.452306689007975365e-08
7.920000000000000000e+02 8.462868510188577346e-08
7.930000000000000000e+02 8.473430331369180650e-08
7.940000000000000000e+02 8.483992152549782631e-08
7.950000000000000000e+02 8.494553973730385935e-08
7.960000000000000000e+02 8.502954370814082326e-08
7.970000000000000000e+02 8.511354767897777393e-08
7.980000000000000000e+02 8.519755164981473784e-08
7.990000000000000000e+02 8.528155562065170175e-08
8.000000000000000000e+02 8.536555959148865242e-08
8.010000000000000000e+02 8.544956356232561633e-08
8.020000000000000000e+02 8.553356753316258024e-08
8.030000000000000000e+02 8.561757150399954415e-08
8.040000000000000000e+02 8.570157547483649482e-08
8.050000000000000000e+02 8.578557944567345873e-08
8.060000000000000000e+02 8.591117988414471145e-08
8.070000000000000000e+02 8.603678032261596418e-08
8.080000000000000000e+02 8.616238076108721690e-08
8.090000000000000000e+02 8.628798119955846962e-08
8.100000000000000000e+02 8.641358163802972235e-08
8.110000000000000000e+02 8.653918207650096183e-08
8.120000000000000000e+02 8.666478251497221456e-08
8.130000000000000000e+02 8.679038295344346728e-08
8.140000000000000000e+02 8.691598339191472000e-08
8.150000000000000000e+02 8.704158383038597273e-08
8.160000000000000000e+02 8.717807522416919741e-08
8.170000000000000000e+02 8.731456661795242209e-08
8.180000000000000000e+02 8.745105801173564677e-08
8.190000000000000000e+02 8.758754940551887146e-08
8.200000000000000000e+02 8.772404079930209614e-08
8.210000000000000000e+02 8.786053219308533405e-08
8.220000000000000000e+02 8.799702358686855874e-08
8.230000000000000000e+02 8.813351498065178342e-08
8.240000000000000000e+02 8.827000637443500810e-08
8.250000000000000000e+02 8.840649776821823278e-08
8.260000000000000000e+02 8.852820372454785930e-08
8.270000000000000000e+02 8.864990968087748581e-08
8.280000000000000000e+02 8.877161563720711233e-08
8.290000000000000000e+02 8.889332159353673884e-08
8.300000000000000000e+02 8.901502754986636536e-08
8.310000000000000000e+02 8.913673350619599187e-08
8.320000000000000000e+02 8.925843946252561839e-08
8.330000000000000000e+02 8.938014541885524490e-08
8.340000000000000000e+02 8.950185137518487142e-08
8.350000000000000000e+02 8.962355733151449793e-08
8.360000000000000000e+02 8.975648059280459160e-08
8.370000000000000000e+02 8.988940385409467204e-08
8.380000000000000000e+02 9.002232711538476570e-08
8.390000000000000000e+02 9.015525037667485937e-08
8.400000000000000000e+02 9.028817363796495304e-08
8.410000000000000000e+02 9.042109689925503348e-08
8.420000000000000000e+02 9.055402016054512715e-08
8.430000000000000000e+02 9.068694342183522082e-08
8.440000000000000000e+02 9.081986668312530125e-08
8.450000000000000000e+02 9.095278994441539492e-08
8.460000000000000000e+02 9.109693005571226456e-08
8.470000000000000000e+02 9.124107016700913420e-08
8.480000000000000000e+02 9.138521027830601708e-08
8.490000000000000000e+02 9.152935038960288672e-08
8.500000000000000000e+02 9.167349050089975636e-08
8.510000000000000000e+02 9.181763061219662600e-08
8.520000000000000000e+02 9.196177072349349564e-08
8.530000000000000000e+02 9.210591083479037851e-08
8.540000000000000000e+02 9.225005094608724815e-08
8.550000000000000000e+02 9.239419105738411779e-08
8.560000000000000000e+02 9.249520643786219575e-08
8.570000000000000000e+02 9.259622181834027370e-08
8.580000000000000000e+02 9.269723719881835165e-08
8.590000000000000000e+02 9.279825257929642960e-08
8.600000000000000000e+02 9.289926795977452079e-08
8.610000000000000000e+02 9.300028334025259874e-08
8.620000000000000000e+02 9.310129872073067670e-08
8.630000000000000000e+02 9.320231410120875465e-08
8.640000000000000000e+02 9.330332948168683260e-08
8.650000000000000000e+02 9.340434486216491055e-08
8.660000000000000000e+02 9.349710996098474465e-08
8.670000000000000000e+02 9.358987505980456550e-08
8.680000000000000000e+02 9.368264015862438636e-08
8.690000000000000000e+02 9.377540525744422045e-08
8.700000000000000000e+02 9.386817035626405455e-08
8.710000000000000000e+02 9.396093545508387540e-08
8.720000000000000000e+02 9.405370055390369626e-08
8.730000000000000000e+02 9.414646565272353035e-08
8.740000000000000000e+02 9.423923075154336445e-08
8.750000000000000000e+02 9.433199585036318530e-08
8.760000000000000000e+02 9.448732746841825859e-08
8.770000000000000000e+02 9.464265908647333187e-08
8.780000000000000000e+02 9.479799070452840515e-08
8.790000000000000000e+02 9.495332232258347844e-08
8.800000000000000000e+02 9.510865394063855172e-08
8.810000000000000000e+02 9.526398555869362500e-08
8.820000000000000000e+02 9.541931717674869829e-08
8.830000000000000000e+02 9.557464879480377157e-08
8.840000000000000000e+02 9.572998041285884485e-08
8.850000000000000000e+02 9.588531203091391814e-08
8.860000000000000000e+02 9.606128482809681128e-08
8.870000000000000000e+02 9.623725762527970442e-08
8.880000000000000000e+02 9.641323042246259756e-08
8.890000000000000000e+02 9.658920321964549070e-08
8.900000000000000000e+02 9.676517601682838385e-08
8.910000000000000000e+02 9.694114881401127699e-08
8.920000000000000000e+02 9.711712161119417013e-08
8.930000000000000000e+02 9.729309440837706327e-08
8.940000000000000000e+02 9.746906720555995642e-08
8.950000000000000000e+02 9.764504000274284956e-08
8.960000000000000000e+02 9.779053050429109161e-08
8.970000000000000000e+02 9.793602100583934690e-08
8.980000000000000000e+02 9.808151150738760219e-08
8.990000000000000000e+02 9.822700200893584424e-08
9.000000000000000000e+02 9.837249251048408630e-08
9.010000000000000000e+02 9.851798301203234159e-08
9.020000000000000000e+02 9.866347351358059688e-08
9.030000000000000000e+02 9.880896401512883893e-08
9.040000000000000000e+02 9.895445451667708098e-08
9.050000000000000000e+02 9.909994501822533627e-08
9.060000000000000000e+02 9.923171725717924428e-08
9.070000000000000000e+02 9.936348949613316552e-08
9.080000000000000000e+02 9.949526173508707352e-08
9.090000000000000000e+02 9.962703397404098153e-08
9.100000000000000000e+02 9.975880621299490276e-08
9.110000000000000000e+02 9.989057845194881077e-08
9.120000000000000000e+02 1.000223506909027188e-07
9.130000000000000000e+02 1.001541229298566268e-07
9.140000000000000000e+02 1.002858951688105480e-07
9.150000000000000000e+02 1.004176674077644560e-07
9.160000000000000000e+02 1.005512587646760606e-07
9.170000000000000000e+02 1.006848501215876651e-07
9.180000000000000000e+02 1.008184414784992697e-07
9.190000000000000000e+02 1.009520328354108743e-07
9.200000000000000000e+02 1.010856241923224788e-07
9.210000000000000000e+02 1.012192155492340834e-07
9.220000000000000000e+02 1.013528069061456879e-07
9.230000000000000000e+02 1.014863982630572925e-07
9.240000000000000000e+02 1.016199896199688971e-07
9.250000000000000000e+02 1.017535809768805016e-07
9.260000000000000000e+02 1.018792862632893527e-07
9.270000000000000000e+02 1.020049915496982170e-07
9.280000000000000000e+02 1.021306968361070681e-07
9.290000000000000000e+02 1.022564021225159324e-07
9.300000000000000000e+02 1.023821074089247835e-07
9.310000000000000000e+02 1.025078126953336346e-07
9.320000000000000000e+02 1.026335179817424989e-07
9.330000000000000000e+02 1.027592232681513500e-07
9.340000000000000000e+02 1.028849285545602143e-07
9.350000000000000000e+02 1.030106338409690654e-07
9.360000000000000000e+02 1.031418191409734701e-07
9.370000000000000000e+02 1.032730044409778616e-07
9.380000000000000000e+02 1.034041897409822663e-07
9.390000000000000000e+02 1.035353750409866578e-07
9.400000000000000000e+02 1.036665603409910626e-07
9.410000000000000000e+02 1.037977456409954673e-07
9.420000000000000000e+02 1.039289309409998588e-07
9.430000000000000000e+02 1.040601162410042635e-07
9.440000000000000000e+02 1.041913015410086550e-07
9.450000000000000000e+02 1.043224868410130597e-07
9.460000000000000000e+02 1.044923559301570790e-07
9.470000000000000000e+02 1.046622250193010983e-07
9.480000000000000000e+02 1.048320941084451175e-07
9.490000000000000000e+02 1.050019631975891368e-07
9.500000000000000000e+02 1.051718322867331561e-07
9.510000000000000000e+02 1.053417013758771621e-07
9.520000000000000000e+02 1.055115704650211814e-07
9.530000000000000000e+02 1.056814395541652006e-07
9.540000000000000000e+02 1.058513086433092199e-07
9.550000000000000000e+02 1.060211777324532392e-07
9.560000000000000000e+02 1.061757677678533123e-07
9.570000000000000000e+02 1.063303578032533855e-07
9.580000000000000000e+02 1.064849478386534587e-07
9.590000000000000000e+02 1.066395378740535319e-07
9.600000000000000000e+02 1.067941279094536050e-07
9.610000000000000000e+02 1.069487179448536782e-07
9.620000000000000000e+02 1.071033079802537514e-07
9.630000000000000000e+02 1.072578980156538245e-07
9.640000000000000000e+02 1.074124880510538977e-07
9.650000000000000000e+02 1.075670780864539709e-07
9.660000000000000000e+02 1.077077211699148831e-07
9.670000000000000000e+02 1.078483642533757821e-07
9.680000000000000000e+02 1.079890073368366943e-07
9.690000000000000000e+02 1.081296504202975933e-07
9.700000000000000000e+02 1.082702935037585055e-07
9.710000000000000000e+02 1.084109365872194177e-07
9.720000000000000000e+02 1.085515796706803167e-07
9.730000000000000000e+02 1.086922227541412289e-07
9.740000000000000000e+02 1.088328658376021279e-07
9.750000000000000000e+02 1.089735089210630401e-07
9.760000000000000000e+02 1.091430128807016372e-07
9.770000000000000000e+02 1.093125168403402343e-07
9.780000000000000000e+02 1.094820207999788314e-07
9.790000000000000000e+02 1.096515247596174285e-07
9.800000000000000000e+02 1.098210287192560255e-07
9.810000000000000000e+02 1.099905326788946359e-07
9.820000000000000000e+02 1.101600366385332329e-07
9.830000000000000000e+02 1.103295405981718300e-07
9.840000000000000000e+02 1.104990445578104271e-07
9.850000000000000000e+02 1.106685485174490242e-07
9.860000000000000000e+02 1.108323783245770606e-07
9.870000000000000000e+02 1.109962081317050970e-07
9.880000000000000000e+02 1.111600379388331333e-07
9.890000000000000000e+02 1.113238677459611697e-07
9.900000000000000000e+02 1.114876975530892061e-07
9.910000000000000000e+02 1.116515273602172557e-07
9.920000000000000000e+02 1.118153571673452921e-07
9.930000000000000000e+02 1.119791869744733285e-07
9.940000000000000000e+02 1.121430167816013649e-07
9.950000000000000000e+02 1.123068465887294012e-07
9.960000000000000000e+02 1.124452503197597739e-07
9.970000000000000000e+02 1.125836540507901466e-07
9.980000000000000000e+02 1.127220577818205193e-07
9.990000000000000000e+02 1.128604615128508920e-07
1.000000000000000000e+03 1.129988652438812647e-07
1.001000000000000000e+03 1.131372689749116374e-07
1.002000000000000000e+03 1.132756727059420101e-07
1.003000000000000000e+03 1.134140764369723828e-07
1.004000000000000000e+03 1.135524801680027555e-07
1.005000000000000000e+03 1.136908838990331282e-07
1.006000000000000000e+03 1.138310075243698752e-07
1.007000000000000000e+03 1.139711311497066221e-07
1.008000000000000000e+03 1.141112547750433690e-07
1.009000000000000000e+03 1.142513784003801159e-07
1.010000000000000000e+03 1.143915020257168629e-07
1.011000000000000000e+03 1.145316256510536098e-07
1.012000000000000000e+03 1.146717492763903567e-07
1.013000000000000000e+03 1.148118729017271037e-07
1.014000000000000000e+03 1.149519965270638506e-07
1.015000000000000000e+03 1.150921201524005975e-07
1.016000000000000000e+03 1.152521650433150365e-07
1.017000000000000000e+03 1.154122099342294886e-07
1.018000000000000000e+03 1.155722548251439408e-07
1.019000000000000000e+03 1.157322997160583797e-07
1.020000000000000000e+03 1.158923446069728186e-07
1.021000000000000000e+03 1.160523894978872708e-07
1.022000000000000000e+03 1.162124343888017230e-07
1.023000000000000000e+03 1.163724792797161619e-07
1.024000000000000000e+03 1.165325241706306008e-07
1.025000000000000000e+03 1.166925690615450530e-07
1.026000000000000000e+03 1.168303011990518571e-07
1.027000000000000000e+03 1.169680333365586480e-07
1.028000000000000000e+03 1.171057654740654522e-07
1.029000000000000000e+03 1.172434976115722431e-07
1.030000000000000000e+03 1.173812297490790472e-07
1.031000000000000000e+03 1.175189618865858513e-07
1.032000000000000000e+03 1.176566940240926422e-07
1.033000000000000000e+03 1.177944261615994464e-07
1.034000000000000000e+03 1.179321582991062373e-07
1.035000000000000000e+03 1.180698904366130414e-07
1.036000000000000000e+03 1.182016197625472304e-07
1.037000000000000000e+03 1.183333490884814193e-07
1.038000000000000000e+03 1.184650784144156083e-07
1.039000000000000000e+03 1.185968077403497972e-07
1.040000000000000000e+03 1.187285370662839994e-07
1.041000000000000000e+03 1.188602663922181883e-07
1.042000000000000000e+03 1.189919957181523773e-07
1.043000000000000000e+03 1.191237250440865662e-07
1.044000000000000000e+03 1.192554543700207552e-07
1.045000000000000000e+03 1.193871836959549441e-07
1.046000000000000000e+03 1.195756855888805788e-07
1.047000000000000000e+03 1.197641874818062400e-07
1.048000000000000000e+03 1.199526893747318747e-07
1.049000000000000000e+03 1.201411912676575359e-07
1.050000000000000000e+03 1.203296931605831706e-07
1.051000000000000000e+03 1.205181950535088053e-07
1.052000000000000000e+03 1.207066969464344664e-07
1.053000000000000000e+03 1.208951988393601011e-07
1.054000000000000000e+03 1.210837007322857623e-07
1.055000000000000000e+03 1.212722026252113970e-07
1.056000000000000000e+03 1.214486733201548127e-07
1.057000000000000000e+03 1.216251440150982549e-07
1.058000000000000000e+03 1.218016147100416705e-07
1.059000000000000000e+03 1.219780854049850862e-07
1.060000000000000000e+03 1.221545560999285284e-07
1.061000000000000000e+03 1.223310267948719440e-07
1.062000000000000000e+03 1.225074974898153597e-07
1.063000000000000000e+03 1.226839681847587754e-07
1.064000000000000000e+03 1.228604388797022176e-07
1.065000000000000000e+03 1.230369095746456332e-07
1.066000000000000000e+03 1.231798640531478547e-07
1.067000000000000000e+03 1.233228185316500762e-07
1.068000000000000000e+03 1.234657730101522977e-07
1.069000000000000000e+03 1.236087274886545192e-07
1.070000000000000000e+03 1.237516819671567672e-07
1.071000000000000000e+03 1.238946364456589887e-07
1.072000000000000000e+03 1.240375909241612101e-07
1.073000000000000000e+03 1.241805454026634316e-07
1.074000000000000000e+03 1.243234998811656531e-07
1.075000000000000000e+03 1.244664543596678746e-07
1.076000000000000000e+03 1.246196002429068329e-07
1.077000000000000000e+03 1.247727461261457913e-07
1.078000000000000000e+03 1.249258920093847496e-07
1.079000000000000000e+03 1.250790378926237079e-07
1.080000000000000000e+03 1.252321837758626398e-07
1.081000000000000000e+03 1.253853296591015981e-07
1.082000000000000000e+03 1.255384755423405565e-07
1.083000000000000000e+03 1.256916214255795148e-07
1.084000000000000000e+03 1.258447673088184731e-07
1.085000000000000000e+03 1.259979131920574314e-07
1.086000000000000000e+03 1.261497161372272554e-07
1.087000000000000000e+03 1.263015190823970793e-07
1.088000000000000000e+03 1.264533220275669032e-07
1.089000000000000000e+03 1.266051249727367271e-07
1.090000000000000000e+03 1.267569279179065511e-07
1.091000000000000000e+03 1.269087308630763750e-07
1.092000000000000000e+03 1.270605338082461989e-07
1.093000000000000000e+03 1.272123367534160228e-07
1.094000000000000000e+03 1.273641396985858468e-07
1.095000000000000000e+03 1.275159426437556707e-07
1.096000000000000000e+03 1.276974103517844961e-07
1.097000000000000000e+03 1.278788780598132951e-07
1.098000000000000000e+03 1.280603457678421205e-07
1.099000000000000000e+03 1.282418134758709459e-07
1.100000000000000000e+03 1.284232811838997713e-07
1.101000000000000000e+03 1.286047488919285703e-07
1.102000000000000000e+03 1.287862165999573957e-07
1.103000000000000000e+03 1.289676843079862211e-07
1.104000000000000000e+03 1.291491520160150201e-07
1.105000000000000000e+03 1.293306197240438455e-07
1.106000000000000000e+03 1.295271383293242560e-07
1.107000000000000000e+03 1.297236569346046929e-07
1.108000000000000000e+03 1.299201755398851033e-07
1.109000000000000000e+03 1.301166941451655403e-07
1.110000000000000000e+03 1.303132127504459507e-07
1.111000000000000000e+03 1.305097313557263612e-07
1.112000000000000000e+03 1.307062499610067981e-07
1.113000000000000000e+03 1.309027685662872086e-07
1.114000000000000000e+03 1.310992871715676455e-07
1.115000000000000000e+03 1.312958057768480559e-07
1.116000000000000000e+03 1.314489163039764221e-07
1.117000000000000000e+03 1.316020268311048148e-07
1.118000000000000000e+03 1.317551373582331809e-07
1.119000000000000000e+03 1.319082478853615736e-07
1.120000000000000000e+03 1.320613584124899398e-07
1.121000000000000000e+03 1.322144689396183060e-07
1.122000000000000000e+03 1.323675794667466986e-07
1.123000000000000000e+03 1.325206899938750648e-07
1.124000000000000000e+03 1.326738005210034574e-07
1.125000000000000000e+03 1.328269110481318236e-07
1.126000000000000000e+03 1.329898662502413180e-07
1.127000000000000000e+03 1.331528214523508123e-07
1.128000000000000000e+03 1.333157766544603066e-07
1.129000000000000000e+03 1.334787318565698010e-07
1.130000000000000000e+03 1.336416870586793218e-07
1.131000000000000000e+03 1.338046422607888162e-07
1.132000000000000000e+03 1.339675974628983105e-07
1.133000000000000000e+03 1.341305526650078048e-07
1.134000000000000000e+03 1.342935078671172992e-07
1.135000000000000000e+03 1.344564630692267935e-07
1.136000000000000000e+03 1.347079151258445853e-07
1.137000000000000000e+03 1.349593671824623770e-07
1.138000000000000000e+03 1.352108192390801687e-07
1.139000000000000000e+03 1.354622712956979604e-07
1.140000000000000000e+03 1.357137233523157786e-07
1.141000000000000000e+03 1.359651754089335703e-07
1.142000000000000000e+03 1.362166274655513621e-07
1.143000000000000000e+03 1.364680795221691538e-07
1.144000000000000000e+03 1.367195315787869455e-07
1.145000000000000000e+03 1.369709836354047372e-07
1.146000000000000000e+03 1.371998203357601478e-07
1.147000000000000000e+03 1.374286570361155583e-07
1.148000000000000000e+03 1.376574937364709689e-07
1.149000000000000000e+03 1.378863304368263794e-07
1.150000000000000000e+03 1.381151671371817900e-07
1.151000000000000000e+03 1.383440038375372005e-07
1.152000000000000000e+03 1.385728405378926111e-07
1.153000000000000000e+03 1.388016772382480216e-07
1.154000000000000000e+03 1.390305139386034322e-07
1.155000000000000000e+03 1.392593506389588427e-07
1.156000000000000000e+03 1.394509046662472295e-07
1.157000000000000000e+03 1.396424586935356427e-07
1.158000000000000000e+03 1.398340127208240295e-07
1.159000000000000000e+03 1.400255667481124162e-07
1.160000000000000000e+03 1.402171207754008030e-07
1.161000000000000000e+03 1.404086748026892162e-07
1.162000000000000000e+03 1.406002288299776029e-07
1.163000000000000000e+03 1.407917828572659897e-07
1.164000000000000000e+03 1.409833368845544029e-07
1.165000000000000000e+03 1.411748909118427897e-07
1.166000000000000000e+03 1.413767269730456894e-07
1.167000000000000000e+03 1.415785630342485891e-07
1.168000000000000000e+03 1.417803990954514888e-07
1.169000000000000000e+03 1.419822351566543886e-07
1.170000000000000000e+03 1.421840712178572618e-07
1.171000000000000000e+03 1.423859072790601615e-07
1.172000000000000000e+03 1.425877433402630612e-07
1.173000000000000000e+03 1.427895794014659610e-07
1.174000000000000000e+03 1.429914154626688607e-07
1.175000000000000000e+03 1.431932515238717604e-07
1.176000000000000000e+03 1.433785793170721835e-07
1.177000000000000000e+03 1.435639071102726066e-07
1.178000000000000000e+03 1.437492349034730032e-07
1.179000000000000000e+03 1.439345626966734263e-07
1.180000000000000000e+03 1.441198904898738494e-07
1.181000000000000000e+03 1.443052182830742726e-07
1.182000000000000000e+03 1.444905460762746957e-07
1.183000000000000000e+03 1.446758738694750923e-07
1.184000000000000000e+03 1.448612016626755154e-07
1.185000000000000000e+03 1.450465294558759385e-07
1.186000000000000000e+03 1.452327062830059961e-07
1.187000000000000000e+03 1.454188831101360272e-07
1.188000000000000000e+03 1.456050599372660848e-07
1.189000000000000000e+03 1.457912367643961159e-07
1.190000000000000000e+03 1.459774135915261735e-07
1.191000000000000000e+03 1.461635904186562311e-07
1.192000000000000000e+03 1.463497672457862622e-07
1.193000000000000000e+03 1.465359440729163198e-07
1.194000000000000000e+03 1.467221209000463509e-07
1.195000000000000000e+03 1.469082977271764085e-07
1.196000000000000000e+03 1.470955532611465596e-07
1.197000000000000000e+03 1.472828087951167108e-07
1.198000000000000000e+03 1.474700643290868619e-07
1.199000000000000000e+03 1.476573198630570131e-07
1.200000000000000000e+03 1.478445753970271642e-07
1.201000000000000000e+03 1.480318309309972889e-07
1.202000000000000000e+03 1.482190864649674400e-07
1.203000000000000000e+03 1.484063419989375911e-07
1.204000000000000000e+03 1.485935975329077423e-07
1.205000000000000000e+03 1.487808530668778934e-07
1.206000000000000000e+03 1.490558709235911596e-07
1.207000000000000000e+03 1.493308887803043994e-07
1.208000000000000000e+03 1.496059066370176656e-07
1.209000000000000000e+03 1.498809244937309318e-07
1.210000000000000000e+03 1.501559423504441715e-07
1.211000000000000000e+03 1.504309602071574377e-07
1.212000000000000000e+03 1.507059780638707039e-07
1.213000000000000000e+03 1.509809959205839702e-07
1.214000000000000000e+03 1.512560137772972099e-07
1.215000000000000000e+03 1.515310316340104761e-07
1.216000000000000000e+03 1.517730599246354266e-07
1.217000000000000000e+03 1.520150882152603772e-07
1.218000000000000000e+03 1.522571165058853277e-07
1.219000000000000000e+03 1.524991447965102783e-07
1.220000000000000000e+03 1.527411730871352288e-07
1.221000000000000000e+03 1.529832013777601793e-07
1.222000000000000000e+03 1.532252296683851299e-07
1.223000000000000000e+03 1.534672579590100804e-07
1.224000000000000000e+03 1.537092862496350310e-07
1.225000000000000000e+03 1.539513145402599815e-07
1.226000000000000000e+03 1.541452090566924168e-07
1.227000000000000000e+03 1.543391035731248520e-07
1.228000000000000000e+03 1.545329980895572873e-07
1.229000000000000000e+03 1.547268926059897226e-07
1.230000000000000000e+03 1.549207871224221579e-07
1.231000000000000000e+03 1.551146816388546196e-07
1.232000000000000000e+03 1.553085761552870549e-07
1.233000000000000000e+03 1.555024706717194902e-07
1.234000000000000000e+03 1.556963651881519254e-07
1.235000000000000000e+03 1.558902597045843607e-07
1.236000000000000000e+03 1.561253936318616173e-07
1.237000000000000000e+03 1.563605275591388738e-07
1.238000000000000000e+03 1.565956614864161304e-07
1.239000000000000000e+03 1.568307954136933870e-07
1.240000000000000000e+03 1.570659293409706435e-07
1.241000000000000000e+03 1.573010632682479266e-07
1.242000000000000000e+03 1.575361971955251831e-07
1.243000000000000000e+03 1.577713311228024397e-07
1.244000000000000000e+03 1.580064650500796962e-07
1.245000000000000000e+03 1.582415989773569528e-07
1.246000000000000000e+03 1.584393621829032353e-07
1.247000000000000000e+03 1.586371253884495179e-07
1.248000000000000000e+03 1.588348885939958004e-07
1.249000000000000000e+03 1.590326517995420830e-07
1.250000000000000000e+03 1.592304150050883920e-07
1.251000000000000000e+03 1.594281782106346745e-07
1.252000000000000000e+03 1.596259414161809571e-07
1.253000000000000000e+03 1.598237046217272396e-07
1.254000000000000000e+03 1.600214678272735221e-07
1.255000000000000000e+03 1.602192310328198047e-07
1.256000000000000000e+03 1.605034295782237186e-07
1.257000000000000000e+03 1.607876281236276325e-07
1.258000000000000000e+03 1.610718266690315199e-07
1.259000000000000000e+03 1.613560252144354338e-07
1.260000000000000000e+03 1.616402237598393477e-07
1.261000000000000000e+03 1.619244223052432615e-07
1.262000000000000000e+03 1.622086208506471754e-07
1.263000000000000000e+03 1.624928193960510628e-07
1.264000000000000000e+03 1.627770179414549767e-07
1.265000000000000000e+03 1.630612164868588906e-07
1.266000000000000000e+03 1.633014276535252543e-07
1.267000000000000000e+03 1.635416388201916180e-07
1.268000000000000000e+03 1.637818499868579817e-07
1.269000000000000000e+03 1.640220611535243453e-07
1.270000000000000000e+03 1.642622723201907355e-07
1.271000000000000000e+03 1.645024834868570992e-07
1.272000000000000000e+03 1.647426946535234628e-07
1.273000000000000000e+03 1.649829058201898265e-07
1.274000000000000000e+03 1.652231169868561902e-07
1.275000000000000000e+03 1.654633281535225539e-07
1.276000000000000000e+03 1.656235206413895278e-07
1.277000000000000000e+03 1.657837131292565282e-07
1.278000000000000000e+03 1.659439056171235021e-07
1.279000000000000000e+03 1.661040981049905025e-07
1.280000000000000000e+03 1.662642905928574765e-07
1.281000000000000000e+03 1.664244830807244504e-07
1.282000000000000000e+03 1.665846755685914508e-07
1.283000000000000000e+03 1.667448680564584247e-07
1.284000000000000000e+03 1.669050605443254251e-07
1.285000000000000000e+03 1.670652530321923991e-07
1.286000000000000000e+03 1.672963669347414840e-07
1.287000000000000000e+03 1.675274808372905689e-07
1.288000000000000000e+03 1.677585947398396538e-07
1.289000000000000000e+03 1.679897086423887387e-07
1.290000000000000000e+03 1.682208225449378236e-07
1.291000000000000000e+03 1.684519364474868820e-07
1.292000000000000000e+03 1.686830503500359669e-07
1.293000000000000000e+03 1.689141642525850518e-07
1.294000000000000000e+03 1.691452781551341367e-07
1.295000000000000000e+03 1.693763920576832216e-07
1.296000000000000000e+03 1.696743140510147450e-07
1.297000000000000000e+03 1.699722360443462684e-07
1.298000000000000000e+03 1.702701580376778183e-07
1.299000000000000000e+03 1.705680800310093416e-07
1.300000000000000000e+03 1.708660020243408650e-07
1.301000000000000000e+03 1.711639240176723884e-07
1.302000000000000000e+03 1.714618460110039118e-07
1.303000000000000000e+03 1.717597680043354617e-07
1.304000000000000000e+03 1.720576899976669851e-07
1.305000000000000000e+03 1.723556119909985084e-07
1.306000000000000000e+03 1.726441155965684688e-07
1.307000000000000000e+03 1.729326192021384556e-07
1.308000000000000000e+03 1.732211228077084424e-07
1.309000000000000000e+03 1.735096264132784027e-07
1.310000000000000000e+03 1.737981300188483631e-07
1.311000000000000000e+03 1.740866336244183499e-07
1.312000000000000000e+03 1.743751372299883367e-07
1.313000000000000000e+03 1.746636408355582970e-07
1.314000000000000000e+03 1.749521444411282574e-07
1.315000000000000000e+03 1.752406480466982442e-07
1.316000000000000000e+03 1.754139810666938346e-07
1.317000000000000000e+03 1.755873140866893985e-07
1.318000000000000000e+03 1.757606471066849889e-07
1.319000000000000000e+03 1.759339801266805528e-07
1.320000000000000000e+03 1.761073131466761431e-07
1.321000000000000000e+03 1.762806461666717335e-07
1.322000000000000000e+03 1.764539791866672974e-07
1.323000000000000000e+03 1.766273122066628878e-07
1.324000000000000000e+03 1.768006452266584517e-07
1.325000000000000000e+03 1.769739782466540421e-07
1.326000000000000000e+03 1.771777346971502435e-07
1.327000000000000000e+03 1.773814911476464186e-07
1.328000000000000000e+03 1.775852475981426201e-07
1.329000000000000000e+03 1.777890040486387951e-07
1.330000000000000000e+03 1.779927604991349966e-07
1.331000000000000000e+03 1.781965169496311981e-07
1.332000000000000000e+03 1.784002734001273731e-07
1.333000000000000000e+03 1.786040298506235746e-07
1.334000000000000000e+03 1.788077863011197496e-07
1.335000000000000000e+03 1.790115427516159511e-07
1.336000000000000000e+03 1.792698994422243021e-07
1.337000000000000000e+03 1.795282561328326797e-07
1.338000000000000000e+03 1.797866128234410308e-07
1.339000000000000000e+03 1.800449695140494083e-07
1.340000000000000000e+03 1.803033262046577594e-07
1.341000000000000000e+03 1.805616828952661105e-07
1.342000000000000000e+03 1.808200395858744881e-07
1.343000000000000000e+03 1.810783962764828391e-07
1.344000000000000000e+03 1.813367529670912167e-07
1.345000000000000000e+03 1.815951096576995678e-07
1.346000000000000000e+03 1.818345961383094989e-07
1.347000000000000000e+03 1.820740826189194565e-07
1.348000000000000000e+03 1.823135690995293877e-07
1.349000000000000000e+03 1.825530555801393453e-07
1.350000000000000000e+03 1.827925420607492764e-07
1.351000000000000000e+03 1.830320285413592075e-07
1.352000000000000000e+03 1.832715150219691652e-07
1.353000000000000000e+03 1.835110015025790963e-07
1.354000000000000000e+03 1.837504879831890539e-07
1.355000000000000000e+03 1.839899744637989850e-07
1.356000000000000000e+03 1.842320673607263015e-07
1.357000000000000000e+03 1.844741602576536444e-07
1.358000000000000000e+03 1.847162531545809609e-07
1.359000000000000000e+03 1.849583460515083038e-07
1.360000000000000000e+03 1.852004389484356203e-07
1.361000000000000000e+03 1.854425318453629368e-07
1.362000000000000000e+03 1.856846247422902797e-07
1.363000000000000000e+03 1.859267176392175962e-07
1.364000000000000000e+03 1.861688105361449391e-07
1.365000000000000000e+03 1.864109034330722556e-07
1.366000000000000000e+03 1.866833582337629680e-07
1.367000000000000000e+03 1.869558130344536805e-07
1.368000000000000000e+03 1.872282678351443930e-07
1.369000000000000000e+03 1.875007226358351054e-07
1.370000000000000000e+03 1.877731774365258179e-07
1.371000000000000000e+03 1.880456322372165039e-07
1.372000000000000000e+03 1.883180870379072164e-07
1.373000000000000000e+03 1.885905418385979288e-07
1.374000000000000000e+03 1.888629966392886413e-07
1.375000000000000000e+03 1.891354514399793537e-07
1.376000000000000000e+03 1.893969306372068945e-07
1.377000000000000000e+03 1.896584098344344353e-07
1.378000000000000000e+03 1.899198890316619761e-07
1.379000000000000000e+03 1.901813682288895168e-07
1.380000000000000000e+03 1.904428474261170576e-07
1.381000000000000000e+03 1.907043266233445984e-07
1.382000000000000000e+03 1.909658058205721392e-07
1.383000000000000000e+03 1.912272850177996799e-07
1.384000000000000000e+03 1.914887642150272207e-07
1.385000000000000000e+03 1.917502434122547615e-07
1.386000000000000000e+03 1.920088310840651660e-07
1.387000000000000000e+03 1.922674187558755440e-07
1.388000000000000000e+03 1.925260064276859485e-07
1.389000000000000000e+03 1.927845940994963265e-07
1.390000000000000000e+03 1.930431817713067310e-07
1.391000000000000000e+03 1.933017694431171355e-07
1.392000000000000000e+03 1.935603571149275136e-07
1.393000000000000000e+03 1.938189447867379181e-07
1.394000000000000000e+03 1.940775324585482961e-07
1.395000000000000000e+03 1.943361201303587006e-07
1.396000000000000000e+03 1.947252545106931971e-07
1.397000000000000000e+03 1.951143888910276936e-07
1.398000000000000000e+03 1.955035232713622165e-07
1.399000000000000000e+03 1.958926576516967130e-07
1.400000000000000000e+03 1.962817920320312095e-07
1.401000000000000000e+03 1.966709264123657060e-07
1.402000000000000000e+03 1.970600607927002024e-07
1.403000000000000000e+03 1.974491951730347254e-07
1.404000000000000000e+03 1.978383295533692219e-07
1.405000000000000000e+03 1.982274639337037184e-07
1.406000000000000000e+03 1.985352595209898328e-07
1.407000000000000000e+03 1.988430551082759207e-07
1.408000000000000000e+03 1.991508506955620351e-07
1.409000000000000000e+03 1.994586462828481231e-07
1.410000000000000000e+03 1.997664418701342375e-07
1.411000000000000000e+03 2.000742374574203519e-07
1.412000000000000000e+03 2.003820330447064398e-07
1.413000000000000000e+03 2.006898286319925543e-07
1.414000000000000000e+03 2.009976242192786422e-07
1.415000000000000000e+03 2.013054198065647566e-07
1.416000000000000000e+03 2.015460989326062061e-07
1.417000000000000000e+03 2.017867780586476556e-07
1.418000000000000000e+03 2.020274571846891052e-07
1.419000000000000000e+03 2.022681363107305547e-07
1.420000000000000000e+03 2.025088154367720042e-07
1.421000000000000000e+03 2.027494945628134537e-07
1.422000000000000000e+03 2.029901736888549032e-07
1.423000000000000000e+03 2.032308528148963528e-07
1.424000000000000000e+03 2.034715319409378023e-07
1.425000000000000000e+03 2.037122110669792518e-07
1.426000000000000000e+03 2.040263105519172084e-07
1.427000000000000000e+03 2.043404100368551914e-07
1.428000000000000000e+03 2.046545095217931479e-07
1.429000000000000000e+03 2.049686090067311310e-07
1.430000000000000000e+03 2.052827084916690875e-07
1.431000000000000000e+03 2.055968079766070441e-07
1.432000000000000000e+03 2.059109074615450271e-07
1.433000000000000000e+03 2.062250069464829836e-07
1.434000000000000000e+03 2.065391064314209667e-07
1.435000000000000000e+03 2.068532059163589232e-07
1.436000000000000000e+03 2.071316139000187265e-07
1.437000000000000000e+03 2.074100218836785298e-07
1.438000000000000000e+03 2.076884298673383332e-07
1.439000000000000000e+03 2.079668378509981365e-07
1.440000000000000000e+03 2.082452458346579398e-07
1.441000000000000000e+03 2.085236538183177695e-07
1.442000000000000000e+03 2.088020618019775729e-07
1.443000000000000000e+03 2.090804697856373762e-07
1.444000000000000000e+03 2.093588777692971795e-07
1.445000000000000000e+03 2.096372857529569828e-07
1.446000000000000000e+03 2.099187029330252338e-07
1.447000000000000000e+03 2.102001201130934847e-07
1.448000000000000000e+03 2.104815372931617357e-07
1.449000000000000000e+03 2.107629544732299867e-07
1.450000000000000000e+03 2.110443716532982377e-07
1.451000000000000000e+03 2.113257888333664622e-07
1.452000000000000000e+03 2.116072060134347132e-07
1.453000000000000000e+03 2.118886231935029641e-07
1.454000000000000000e+03 2.121700403735712151e-07
1.455000000000000000e+03 2.124514575536394661e-07
1.456000000000000000e+03 2.127837564152140119e-07
1.457000000000000000e+03 2.131160552767885842e-07
1.458000000000000000e+03 2.134483541383631300e-07
1.459000000000000000e+03 2.137806529999377023e-07
1.460000000000000000e+03 2.141129518615122481e-07
1.461000000000000000e+03 2.144452507230867939e-07
1.462000000000000000e+03 2.147775495846613662e-07
1.463000000000000000e+03 2.151098484462359120e-07
1.464000000000000000e+03 2.154421473078104843e-07
1.465000000000000000e+03 2.157744461693850301e-07
1.466000000000000000e+03 2.162006555079357847e-07
1.467000000000000000e+03 2.166268648464865393e-07
1.468000000000000000e+03 2.170530741850372675e-07
1.469000000000000000e+03 2.174792835235880221e-07
1.470000000000000000e+03 2.179054928621387767e-07
1.471000000000000000e+03 2.183317022006895314e-07
1.472000000000000000e+03 2.187579115392402860e-07
1.473000000000000000e+03 2.191841208777910141e-07
1.474000000000000000e+03 2.196103302163417688e-07
1.475000000000000000e+03 2.200365395548925234e-07
1.476000000000000000e+03 2.204375250609462994e-07
1.477000000000000000e+03 2.208385105670000754e-07
1.478000000000000000e+03 2.212394960730538779e-07
1.479000000000000000e+03 2.216404815791076539e-07
1.480000000000000000e+03 2.220414670851614299e-07
1.481000000000000000e+03 2.224424525912152059e-07
1.482000000000000000e+03 2.228434380972689819e-07
1.483000000000000000e+03 2.232444236033227843e-07
1.484000000000000000e+03 2.236454091093765603e-07
1.485000000000000000e+03 2.240463946154303363e-07
1.486000000000000000e+03 2.243592975352654472e-07
1.487000000000000000e+03 2.246722004551005316e-07
1.488000000000000000e+03 2.249851033749356424e-07
1.489000000000000000e+03 2.252980062947707268e-07
1.490000000000000000e+03 2.256109092146058377e-07
1.491000000000000000e+03 2.259238121344409485e-07
1.492000000000000000e+03 2.262367150542760329e-07
1.493000000000000000e+03 2.265496179741111438e-07
1.494000000000000000e+03 2.268625208939462282e-07
1.495000000000000000e+03 2.271754238137813390e-07
1.496000000000000000e+03 2.275453429486643942e-07
1.497000000000000000e+03 2.279152620835474493e-07
1.498000000000000000e+03 2.282851812184304780e-07
1.499000000000000000e+03 2.286551003533135331e-07
1.500000000000000000e+03 2.290250194881965883e-07
1.501000000000000000e+03 2.293949386230796434e-07
1.502000000000000000e+03 2.297648577579626985e-07
1.503000000000000000e+03 2.301347768928457272e-07
1.504000000000000000e+03 2.305046960277287824e-07
1.505000000000000000e+03 2.308746151626118375e-07
1.506000000000000000e+03 2.311883340825427114e-07
1.507000000000000000e+03 2.315020530024735854e-07
1.508000000000000000e+03 2.318157719224044593e-07
1.509000000000000000e+03 2.321294908423353332e-07
1.510000000000000000e+03 2.324432097622662072e-07
1.511000000000000000e+03 2.327569286821970547e-07
1.512000000000000000e+03 2.330706476021279286e-07
1.513000000000000000e+03 2.333843665220588025e-07
1.514000000000000000e+03 2.336980854419896765e-07
1.515000000000000000e+03 2.340118043619205504e-07
1.516000000000000000e+03 2.342668385672549313e-07
1.517000000000000000e+03 2.345218727725893121e-07
1.518000000000000000e+03 2.347769069779236665e-07
1.519000000000000000e+03 2.350319411832580473e-07
1.520000000000000000e+03 2.352869753885924282e-07
1.521000000000000000e+03 2.355420095939268090e-07
1.522000000000000000e+03 2.357970437992611899e-07
1.523000000000000000e+03 2.360520780045955443e-07
1.524000000000000000e+03 2.363071122099299251e-07
1.525000000000000000e+03 2.365621464152643060e-07
1.526000000000000000e+03 2.369345917064306883e-07
1.527000000000000000e+03 2.373070369975970971e-07
1.528000000000000000e+03 2.376794822887634795e-07
1.529000000000000000e+03 2.380519275799298883e-07
1.530000000000000000e+03 2.384243728710962707e-07
1.531000000000000000e+03 2.387968181622626530e-07
1.532000000000000000e+03 2.391692634534290354e-07
1.533000000000000000e+03 2.395417087445954707e-07
1.534000000000000000e+03 2.399141540357618531e-07
1.535000000000000000e+03 2.402865993269282354e-07
1.536000000000000000e+03 2.406909164550306595e-07
1.537000000000000000e+03 2.410952335831331364e-07
1.538000000000000000e+03 2.414995507112355605e-07
1.539000000000000000e+03 2.419038678393380375e-07
1.540000000000000000e+03 2.423081849674404615e-07
1.541000000000000000e+03 2.427125020955428855e-07
1.542000000000000000e+03 2.431168192236453625e-07
1.543000000000000000e+03 2.435211363517477866e-07
1.544000000000000000e+03 2.439254534798502635e-07
1.545000000000000000e+03 2.443297706079526876e-07
1.546000000000000000e+03 2.446521762058148341e-07
1.547000000000000000e+03 2.449745818036769806e-07
1.548000000000000000e+03 2.452969874015391271e-07
1.549000000000000000e+03 2.456193929994012736e-07
1.550000000000000000e+03 2.459417985972634201e-07
1.551000000000000000e+03 2.462642041951256195e-07
1.552000000000000000e+03 2.465866097929877661e-07
1.553000000000000000e+03 2.469090153908499126e-07
1.554000000000000000e+03 2.472314209887120591e-07
1.555000000000000000e+03 2.475538265865742056e-07
1.556000000000000000e+03 2.479462462083090471e-07
1.557000000000000000e+03 2.483386658300438356e-07
1.558000000000000000e+03 2.487310854517786771e-07
1.559000000000000000e+03 2.491235050735134657e-07
1.560000000000000000e+03 2.495159246952483071e-07
1.561000000000000000e+03 2.499083443169831486e-07
1.562000000000000000e+03 2.503007639387179372e-07
1.563000000000000000e+03 2.506931835604527787e-07
1.564000000000000000e+03 2.510856031821875672e-07
1.565000000000000000e+03 2.514780228039224087e-07
1.566000000000000000e+03 2.518809243054280300e-07
1.567000000000000000e+03 2.522838258069337043e-07
1.568000000000000000e+03 2.526867273084393256e-07
1.569000000000000000e+03 2.530896288099449469e-07
1.570000000000000000e+03 2.534925303114506212e-07
1.571000000000000000e+03 2.538954318129562425e-07
1.572000000000000000e+03 2.542983333144618638e-07
1.573000000000000000e+03 2.547012348159674851e-07
1.574000000000000000e+03 2.551041363174731594e-07
1.575000000000000000e+03 2.555070378189787807e-07
1.576000000000000000e+03 2.558027547031210821e-07
1.577000000000000000e+03 2.560984715872633834e-07
1.578000000000000000e+03 2.563941884714056848e-07
1.579000000000000000e+03 2.566899053555479861e-07
1.580000000000000000e+03 2.569856222396902875e-07
1.581000000000000000e+03 2.572813391238325888e-07
1.582000000000000000e+03 2.575770560079748902e-07
1.583000000000000000e+03 2.578727728921171915e-07
1.584000000000000000e+03 2.581684897762594929e-07
1.585000000000000000e+03 2.584642066604017942e-07
1.586000000000000000e+03 2.587932861936877535e-07
1.587000000000000000e+03 2.591223657269737129e-07
1.588000000000000000e+03 2.594514452602596722e-07
1.589000000000000000e+03 2.597805247935456315e-07
1.590000000000000000e+03 2.601096043268315908e-07
1.591000000000000000e+03 2.604386838601175501e-07
1.592000000000000000e+03 2.607677633934035094e-07
1.593000000000000000e+03 2.610968429266894687e-07
1.594000000000000000e+03 2.614259224599754280e-07
1.595000000000000000e+03 2.617550019932613873e-07
1.596000000000000000e+03 2.621416131154964014e-07
1.597000000000000000e+03 2.625282242377314155e-07
1.598000000000000000e+03 2.629148353599664825e-07
1.599000000000000000e+03 2.633014464822014966e-07
1.600000000000000000e+03 2.636880576044365107e-07
1.601000000000000000e+03 2.640746687266715248e-07
1.602000000000000000e+03 2.644612798489065389e-07
1.603000000000000000e+03 2.648478909711416060e-07
1.604000000000000000e+03 2.652345020933766201e-07
1.605000000000000000e+03 2.656211132156116341e-07
1.606000000000000000e+03 2.660212959531885508e-07
1.607000000000000000e+03 2.664214786907655204e-07
1.608000000000000000e+03 2.668216614283424899e-07
1.609000000000000000e+03 2.672218441659194066e-07
1.610000000000000000e+03 2.676220269034963232e-07
1.611000000000000000e+03 2.680222096410732928e-07
1.612000000000000000e+03 2.684223923786502623e-07
1.613000000000000000e+03 2.688225751162271790e-07
1.614000000000000000e+03 2.692227578538040956e-07
1.615000000000000000e+03 2.696229405913810652e-07
1.616000000000000000e+03 2.700494387309874075e-07
1.617000000000000000e+03 2.704759368705936970e-07
1.618000000000000000e+03 2.709024350102000394e-07
1.619000000000000000e+03 2.713289331498063288e-07
1.620000000000000000e+03 2.717554312894126712e-07
1.621000000000000000e+03 2.721819294290190136e-07
1.622000000000000000e+03 2.726084275686253030e-07
1.623000000000000000e+03 2.730349257082316454e-07
1.624000000000000000e+03 2.734614238478379348e-07
1.625000000000000000e+03 2.738879219874442772e-07
1.626000000000000000e+03 2.743189082123986930e-07
1.627000000000000000e+03 2.747498944373530558e-07
1.628000000000000000e+03 2.751808806623074715e-07
1.629000000000000000e+03 2.756118668872618873e-07
1.630000000000000000e+03 2.760428531122163030e-07
1.631000000000000000e+03 2.764738393371706658e-07
1.632000000000000000e+03 2.769048255621250815e-07
1.633000000000000000e+03 2.773358117870794973e-07
1.634000000000000000e+03 2.777667980120338601e-07
1.635000000000000000e+03 2.781977842369882758e-07
1.636000000000000000e+03 2.784537923564803801e-07
1.637000000000000000e+03 2.787098004759724313e-07
1.638000000000000000e+03 2.789658085954645355e-07
1.639000000000000000e+03 2.792218167149565868e-07
1.640000000000000000e+03 2.794778248344486910e-07
1.641000000000000000e+03 2.797338329539407952e-07
1.642000000000000000e+03 2.799898410734328465e-07
1.643000000000000000e+03 2.802458491929249507e-07
1.644000000000000000e+03 2.805018573124170019e-07
1.645000000000000000e+03 2.807578654319091061e-07
1.646000000000000000e+03 2.810919616685312927e-07
1.647000000000000000e+03 2.814260579051534793e-07
1.648000000000000000e+03 2.817601541417756129e-07
1.649000000000000000e+03 2.820942503783977995e-07
1.650000000000000000e+03 2.824283466150199861e-07
1.651000000000000000e+03 2.827624428516421727e-07
1.652000000000000000e+03 2.830965390882643593e-07
1.653000000000000000e+03 2.834306353248864929e-07
1.654000000000000000e+03 2.837647315615086795e-07
1.655000000000000000e+03 2.840988277981308661e-07
1.656000000000000000e+03 2.846262721916778429e-07
1.657000000000000000e+03 2.851537165852248727e-07
1.658000000000000000e+03 2.856811609787718495e-07
1.659000000000000000e+03 2.862086053723188793e-07
1.660000000000000000e+03 2.867360497658658561e-07
1.661000000000000000e+03 2.872634941594128330e-07
1.662000000000000000e+03 2.877909385529598628e-07
1.663000000000000000e+03 2.883183829465068396e-07
1.664000000000000000e+03 2.888458273400538694e-07
1.665000000000000000e+03 2.893732717336008462e-07
1.666000000000000000e+03 2.898057736464317142e-07
1.667000000000000000e+03 2.902382755592625822e-07
1.668000000000000000e+03 2.906707774720934502e-07
1.669000000000000000e+03 2.911032793849243182e-07
1.670000000000000000e+03 2.915357812977551862e-07
1.671000000000000000e+03 2.919682832105860542e-07
1.672000000000000000e+03 2.924007851234169222e-07
1.673000000000000000e+03 2.928332870362477902e-07
1.674000000000000000e+03 2.932657889490786582e-07
1.675000000000000000e+03 2.936982908619095262e-07
1.676000000000000000e+03 2.940678935962873378e-07
1.677000000000000000e+03 2.944374963306651495e-07
1.678000000000000000e+03 2.948070990650429611e-07
1.679000000000000000e+03 2.951767017994207727e-07
1.680000000000000000e+03 2.955463045337985843e-07
1.681000000000000000e+03 2.959159072681764489e-07
1.682000000000000000e+03 2.962855100025542605e-07
1.683000000000000000e+03 2.966551127369320722e-07
1.684000000000000000e+03 2.970247154713098838e-07
1.685000000000000000e+03 2.973943182056876954e-07
1.686000000000000000e+03 2.978048166085327485e-07
1.687000000000000000e+03 2.982153150113778015e-07
1.688000000000000000e+03 2.986258134142228546e-07
1.689000000000000000e+03 2.990363118170679077e-07
1.690000000000000000e+03 2.994468102199129607e-07
1.691000000000000000e+03 2.998573086227580138e-07
1.692000000000000000e+03 3.002678070256030669e-07
1.693000000000000000e+03 3.006783054284481199e-07
1.694000000000000000e+03 3.010888038312931730e-07
1.695000000000000000e+03 3.014993022341382261e-07
1.696000000000000000e+03 3.019778207791063988e-07
1.697000000000000000e+03 3.024563393240745715e-07
1.698000000000000000e+03 3.029348578690426913e-07
1.699000000000000000e+03 3.034133764140108640e-07
1.700000000000000000e+03 3.038918949589790367e-07
1.701000000000000000e+03 3.043704135039472095e-07
1.702000000000000000e+03 3.048489320489153822e-07
1.703000000000000000e+03 3.053274505938835020e-07
1.704000000000000000e+03 3.058059691388516747e-07
1.705000000000000000e+03 3.062844876838198474e-07
1.706000000000000000e+03 3.067379422583491301e-07
1.707000000000000000e+03 3.071913968328783598e-07
1.708000000000000000e+03 3.076448514074076425e-07
1.709000000000000000e+03 3.080983059819368722e-07
1.710000000000000000e+03 3.085517605564661549e-07
1.711000000000000000e+03 3.090052151309954376e-07
1.712000000000000000e+03 3.094586697055246673e-07
1.713000000000000000e+03 3.099121242800539500e-07
1.714000000000000000e+03 3.103655788545831797e-07
1.715000000000000000e+03 3.108190334291124624e-07
1.716000000000000000e+03 3.113482218329664273e-07
1.717000000000000000e+03 3.118774102368203923e-07
1.718000000000000000e+03 3.124065986406743573e-07
1.719000000000000000e+03 3.129357870445283223e-07
1.720000000000000000e+03 3.134649754483822873e-07
1.721000000000000000e+03 3.139941638522362522e-07
1.722000000000000000e+03 3.145233522560902172e-07
1.723000000000000000e+03 3.150525406599441822e-07
1.724000000000000000e+03 3.155817290637981472e-07
1.725000000000000000e+03 3.161109174676521121e-07
1.726000000000000000e+03 3.166945643912188935e-07
1.727000000000000000e+03 3.172782113147856749e-07
1.728000000000000000e+03 3.178618582383524563e-07
1.729000000000000000e+03 3.184455051619192376e-07
1.730000000000000000e+03 3.190291520854860190e-07
1.731000000000000000e+03 3.196127990090528004e-07
1.732000000000000000e+03 3.201964459326195818e-07
1.733000000000000000e+03 3.207800928561863631e-07
1.734000000000000000e+03 3.213637397797531445e-07
1.735000000000000000e+03 3.219473867033199259e-07
1.736000000000000000e+03 3.224622012746418375e-07
1.737000000000000000e+03 3.229770158459636962e-07
1.738000000000000000e+03 3.234918304172855549e-07
1.739000000000000000e+03 3.240066449886074666e-07
1.740000000000000000e+03 3.245214595599293782e-07
1.741000000000000000e+03 3.250362741312512369e-07
1.742000000000000000e+03 3.255510887025730956e-07
1.743000000000000000e+03 3.260659032738950073e-07
1.744000000000000000e+03 3.265807178452169189e-07
1.745000000000000000e+03 3.270955324165387776e-07
1.746000000000000000e+03 3.275296891023080859e-07
1.747000000000000000e+03 3.279638457880773412e-07
1.748000000000000000e+03 3.283980024738466494e-07
1.749000000000000000e+03 3.288321591596159577e-07
1.750000000000000000e+03 3.292663158453852130e-07
1.751000000000000000e+03 3.297004725311545213e-07
1.752000000000000000e+03 3.301346292169238296e-07
1.753000000000000000e+03 3.305687859026931378e-07
1.754000000000000000e+03 3.310029425884623931e-07
1.755000000000000000e+03 3.314370992742317014e-07
1.756000000000000000e+03 3.318398791513392411e-07
1.757000000000000000e+03 3.322426590284468337e-07
1.758000000000000000e+03 3.326454389055543733e-07
1.759000000000000000e+03 3.330482187826619659e-07
1.760000000000000000e+03 3.334509986597695056e-07
1.761000000000000000e+03 3.338537785368770452e-07
1.762000000000000000e+03 3.342565584139846378e-07
1.763000000000000000e+03 3.346593382910921775e-07
1.764000000000000000e+03 3.350621181681997701e-07
1.765000000000000000e+03 3.354648980453073098e-07
1.766000000000000000e+03 3.360252362729208469e-07
1.767000000000000000e+03 3.365855745005343840e-07
1.768000000000000000e+03 3.371459127281479211e-07
1.769000000000000000e+03 3.377062509557614582e-07
1.770000000000000000e+03 3.382665891833749954e-07
1.771000000000000000e+03 3.388269274109885325e-07
1.772000000000000000e+03 3.393872656386020696e-07
1.773000000000000000e+03 3.399476038662156067e-07
1.774000000000000000e+03 3.405079420938291438e-07
1.775000000000000000e+03 3.410682803214426810e-07
1.776000000000000000e+03 3.416353143558292527e-07
1.777000000000000000e+03 3.422023483902158243e-07
1.778000000000000000e+03 3.427693824246023960e-07
1.779000000000000000e+03 3.433364164589889677e-07
1.780000000000000000e+03 3.439034504933755394e-07
1.781000000000000000e+03 3.444704845277621640e-07
1.782000000000000000e+03 3.450375185621487357e-07
1.783000000000000000e+03 3.456045525965353074e-07
1.784000000000000000e+03 3.461715866309218791e-07
1.785000000000000000e+03 3.467386206653084508e-07
1.786000000000000000e+03 3.472965162574292020e-07
1.787000000000000000e+03 3.478544118495500061e-07
1.788000000000000000e+03 3.484123074416707573e-07
1.789000000000000000e+03 3.489702030337915085e-07
1.790000000000000000e+03 3.495280986259123127e-07
1.791000000000000000e+03 3.500859942180330639e-07
1.792000000000000000e+03 3.506438898101538151e-07
1.793000000000000000e+03 3.512017854022745663e-07
1.794000000000000000e+03 3.517596809943953704e-07
1.795000000000000000e+03 3.523175765865161216e-07
1.796000000000000000e+03 3.528120181984241470e-07
1.797000000000000000e+03 3.533064598103321724e-07
1.798000000000000000e+03 3.538009014222401978e-07
1.799000000000000000e+03 3.542953430341482232e-07
1.800000000000000000e+03 3.547897846460562486e-07
1.801000000000000000e+03 3.552842262579642211e-07
1.802000000000000000e+03 3.557786678698722465e-07
1.803000000000000000e+03 3.562731094817802719e-07
1.804000000000000000e+03 3.567675510936882973e-07
1.805000000000000000e+03 3.572619927055963227e-07
1.806000000000000000e+03 3.577789856894632087e-07
1.807000000000000000e+03 3.582959786733301478e-07
1.808000000000000000e+03 3.588129716571970338e-07
1.809000000000000000e+03 3.593299646410639728e-07
1.810000000000000000e+03 3.598469576249308589e-07
1.811000000000000000e+03 3.603639506087977450e-07
1.812000000000000000e+03 3.608809435926646840e-07
1.813000000000000000e+03 3.613979365765315700e-07
1.814000000000000000e+03 3.619149295603985091e-07
1.815000000000000000e+03 3.624319225442653951e-07
1.816000000000000000e+03 3.631195189216016353e-07
1.817000000000000000e+03 3.638071152989378755e-07
1.818000000000000000e+03 3.644947116762741157e-07
1.819000000000000000e+03 3.651823080536103559e-07
1.820000000000000000e+03 3.658699044309465961e-07
1.821000000000000000e+03 3.665575008082828892e-07
1.822000000000000000e+03 3.672450971856191294e-07
1.823000000000000000e+03 3.679326935629553696e-07
1.824000000000000000e+03 3.686202899402916097e-07
1.825000000000000000e+03 3.693078863176278499e-07
1.826000000000000000e+03 3.697874296605946120e-07
1.827000000000000000e+03 3.702669730035613210e-07
1.828000000000000000e+03 3.707465163465280831e-07
1.829000000000000000e+03 3.712260596894947922e-07
1.830000000000000000e+03 3.717056030324615542e-07
1.831000000000000000e+03 3.721851463754283162e-07
1.832000000000000000e+03 3.726646897183950253e-07
1.833000000000000000e+03 3.731442330613617873e-07
1.834000000000000000e+03 3.736237764043284964e-07
1.835000000000000000e+03 3.741033197472952584e-07
1.836000000000000000e+03 3.744888718252986057e-07
1.837000000000000000e+03 3.748744239033019529e-07
1.838000000000000000e+03 3.752599759813053001e-07
1.839000000000000000e+03 3.756455280593086474e-07
1.840000000000000000e+03 3.760310801373120476e-07
1.841000000000000000e+03 3.764166322153153948e-07
1.842000000000000000e+03 3.768021842933187420e-07
1.843000000000000000e+03 3.771877363713220893e-07
1.844000000000000000e+03 3.775732884493254365e-07
1.845000000000000000e+03 3.779588405273287837e-07
1.846000000000000000e+03 3.784964323131457334e-07
1.847000000000000000e+03 3.790340240989626830e-07
1.848000000000000000e+03 3.795716158847796326e-07
1.849000000000000000e+03 3.801092076705965822e-07
1.850000000000000000e+03 3.806467994564135319e-07
1.851000000000000000e+03 3.811843912422304815e-07
1.852000000000000000e+03 3.817219830280474311e-07
1.853000000000000000e+03 3.822595748138643807e-07
1.854000000000000000e+03 3.827971665996813303e-07
1.855000000000000000e+03 3.833347583854982800e-07
1.856000000000000000e+03 3.839421905065243646e-07
1.857000000000000000e+03 3.845496226275504492e-07
1.858000000000000000e+03 3.851570547485765868e-07
1.859000000000000000e+03 3.857644868696026715e-07
1.860000000000000000e+03 3.863719189906287561e-07
1.861000000000000000e+03 3.869793511116548407e-07
1.862000000000000000e+03 3.875867832326809254e-07
1.863000000000000000e+03 3.881942153537070630e-07
1.864000000000000000e+03 3.888016474747331476e-07
1.865000000000000000e+03 3.894090795957592323e-07
1.866000000000000000e+03 3.900000049952910161e-07
1.867000000000000000e+03 3.905909303948228000e-07
1.868000000000000000e+03 3.911818557943546368e-07
1.869000000000000000e+03 3.917727811938864206e-07
1.870000000000000000e+03 3.923637065934182045e-07
1.871000000000000000e+03 3.929546319929499883e-07
1.872000000000000000e+03 3.935455573924817722e-07
1.873000000000000000e+03 3.941364827920136090e-07
1.874000000000000000e+03 3.947274081915453928e-07
1.875000000000000000e+03 3.953183335910771767e-07
1.876000000000000000e+03 3.958331761837375380e-07
1.877000000000000000e+03 3.963480187763978993e-07
1.878000000000000000e+03 3.968628613690582607e-07
1.879000000000000000e+03 3.973777039617186220e-07
1.880000000000000000e+03 3.978925465543790363e-07
1.881000000000000000e+03 3.984073891470393976e-07
1.882000000000000000e+03 3.989222317396997590e-07
1.883000000000000000e+03 3.994370743323601203e-07
1.884000000000000000e+03 3.999519169250204817e-07
1.885000000000000000e+03 4.004667595176808430e-07
1.886000000000000000e+03 4.010343515360079471e-07
1.887000000000000000e+03 4.016019435543350513e-07
1.888000000000000000e+03 4.021695355726621025e-07
1.889000000000000000e+03 4.027371275909892066e-07
1.890000000000000000e+03 4.033047196093163108e-07
1.891000000000000000e+03 4.038723116276434149e-07
1.892000000000000000e+03 4.044399036459705191e-07
1.893000000000000000e+03 4.050074956642975703e-07
1.894000000000000000e+03 4.055750876826246744e-07
1.895000000000000000e+03 4.061426797009517785e-07
1.896000000000000000e+03 4.066662778292503597e-07
1.897000000000000000e+03 4.071898759575489938e-07
1.898000000000000000e+03 4.077134740858475750e-07
1.899000000000000000e+03 4.082370722141461562e-07
1.900000000000000000e+03 4.087606703424447903e-07
1.901000000000000000e+03 4.092842684707433714e-07
1.902000000000000000e+03 4.098078665990419526e-07
1.903000000000000000e+03 4.103314647273405338e-07
1.904000000000000000e+03 4.108550628556391679e-07
1.905000000000000000e+03 4.113786609839377490e-07
1.906000000000000000e+03 4.118684568756896127e-07
1.907000000000000000e+03 4.123582527674414764e-07
1.908000000000000000e+03 4.128480486591933931e-07
1.909000000000000000e+03 4.133378445509452567e-07
1.910000000000000000e+03 4.138276404426971204e-07
1.911000000000000000e+03 4.143174363344489841e-07
1.912000000000000000e+03 4.148072322262008478e-07
1.913000000000000000e+03 4.152970281179527644e-07
1.914000000000000000e+03 4.157868240097046281e-07
1.915000000000000000e+03 4.162766199014564918e-07
1.916000000000000000e+03 4.169742647764471145e-07
1.917000000000000000e+03 4.176719096514377371e-07
1.918000000000000000e+03 4.183695545264283598e-07
1.919000000000000000e+03 4.190671994014189824e-07
1.920000000000000000e+03 4.197648442764095521e-07
1.921000000000000000e+03 4.204624891514001748e-07
1.922000000000000000e+03 4.211601340263907974e-07
1.923000000000000000e+03 4.218577789013814201e-07
1.924000000000000000e+03 4.225554237763720427e-07
1.925000000000000000e+03 4.232530686513626654e-07
1.926000000000000000e+03 4.238309760896908340e-07
1.927000000000000000e+03 4.244088835280190026e-07
1.928000000000000000e+03 4.249867909663471183e-07
1.929000000000000000e+03 4.255646984046752869e-07
1.930000000000000000e+03 4.261426058430034555e-07
1.931000000000000000e+03 4.267205132813316241e-07
1.932000000000000000e+03 4.272984207196597927e-07
1.933000000000000000e+03 4.278763281579879084e-07
1.934000000000000000e+03 4.284542355963160770e-07
1.935000000000000000e+03 4.290321430346442456e-07
1.936000000000000000e+03 4.294148197813183207e-07
1.937000000000000000e+03 4.297974965279923428e-07
1.938000000000000000e+03 4.301801732746664178e-07
1.939000000000000000e+03 4.305628500213404399e-07
1.940000000000000000e+03 4.309455267680145150e-07
1.941000000000000000e+03 4.313282035146885900e-07
1.942000000000000000e+03 4.317108802613626122e-07
1.943000000000000000e+03 4.320935570080366872e-07
1.944000000000000000e+03 4.324762337547107093e-07
1.945000000000000000e+03 4.328589105013847844e-07
1.946000000000000000e+03 4.334053285121328033e-07
1.947000000000000000e+03 4.339517465228808222e-07
1.948000000000000000e+03 4.344981645336288411e-07
1.949000000000000000e+03 4.350445825443768600e-07
1.950000000000000000e+03 4.355910005551249318e-07
1.951000000000000000e+03 4.361374185658729507e-07
1.952000000000000000e+03 4.366838365766209696e-07
1.953000000000000000e+03 4.372302545873689885e-07
1.954000000000000000e+03 4.377766725981170074e-07
1.955000000000000000e+03 4.383230906088650263e-07
1.956000000000000000e+03 4.388948477406365443e-07
1.957000000000000000e+03 4.394666048724081153e-07
1.958000000000000000e+03 4.400383620041796334e-07
1.959000000000000000e+03 4.406101191359512044e-07
1.960000000000000000e+03 4.411818762677227224e-07
1.961000000000000000e+03 4.417536333994942405e-07
1.962000000000000000e+03 4.423253905312658115e-07
1.963000000000000000e+03 4.428971476630373295e-07
1.964000000000000000e+03 4.434689047948089005e-07
1.965000000000000000e+03 4.440406619265804186e-07
1.966000000000000000e+03 4.446988888722406424e-07
1.967000000000000000e+03 4.453571158179008661e-07
1.968000000000000000e+03 4.460153427635610899e-07
1.969000000000000000e+03 4.466735697092213137e-07
1.970000000000000000e+03 4.473317966548815374e-07
1.971000000000000000e+03 4.479900236005417612e-07
1.972000000000000000e+03 4.486482505462019850e-07
1.973000000000000000e+03 4.493064774918622088e-07
1.974000000000000000e+03 4.499647044375224325e-07
1.975000000000000000e+03 4.506229313831826563e-07
1.976000000000000000e+03 4.514875233441289884e-07
1.977000000000000000e+03 4.523521153050753205e-07
1.978000000000000000e+03 4.532167072660216526e-07
1.979000000000000000e+03 4.540812992269679847e-07
1.980000000000000000e+03 4.549458911879143168e-07
1.981000000000000000e+03 4.558104831488606489e-07
1.982000000000000000e+03 4.566750751098069810e-07
1.983000000000000000e+03 4.575396670707533131e-07
1.984000000000000000e+03 4.584042590316996452e-07
1.985000000000000000e+03 4.592688509926459774e-07
1.986000000000000000e+03 4.600291298652574841e-07
1.987000000000000000e+03 4.607894087378689908e-07
1.988000000000000000e+03 4.615496876104805504e-07
1.989000000000000000e+03 4.623099664830920571e-07
1.990000000000000000e+03 4.630702453557035639e-07
1.991000000000000000e+03 4.638305242283150706e-07
1.992000000000000000e+03 4.645908031009265773e-07
1.993000000000000000e+03 4.653510819735381369e-07
1.994000000000000000e+03 4.661113608461496437e-07
1.995000000000000000e+03 4.668716397187611504e-07
1.996000000000000000e+03 4.674161934656197749e-07
1.997000000000000000e+03 4.679607472124783995e-07
1.998000000000000000e+03 4.685053009593369711e-07
1.999000000000000000e+03 4.690498547061955957e-07
2.000000000000000000e+03 4.695944084530542203e-07
2.001000000000000000e+03 4.701389621999128448e-07
2.002000000000000000e+03 4.706835159467714694e-07
2.003000000000000000e+03 4.712280696936300410e-07
2.004000000000000000e+03 4.717726234404886656e-07
2.005000000000000000e+03 4.723171771873472902e-07
2.006000000000000000e+03 4.729755560353760302e-07
2.007000000000000000e+03 4.736339348834048233e-07
2.008000000000000000e+03 4.742923137314336163e-07
2.009000000000000000e+03 4.749506925794623564e-07
2.010000000000000000e+03 4.756090714274910965e-07
2.011000000000000000e+03 4.762674502755198895e-07
2.012000000000000000e+03 4.769258291235486826e-07
2.013000000000000000e+03 4.775842079715773697e-07
2.014000000000000000e+03 4.782425868196061627e-07
2.015000000000000000e+03 4.789009656676349558e-07
2.016000000000000000e+03 4.797256445760156463e-07
2.017000000000000000e+03 4.805503234843963369e-07
2.018000000000000000e+03 4.813750023927771333e-07
2.019000000000000000e+03 4.821996813011578238e-07
2.020000000000000000e+03 4.830243602095385144e-07
2.021000000000000000e+03 4.838490391179192049e-07
2.022000000000000000e+03 4.846737180262998955e-07
2.023000000000000000e+03 4.854983969346806919e-07
2.024000000000000000e+03 4.863230758430613825e-07
2.025000000000000000e+03 4.871477547514420730e-07
2.026000000000000000e+03 4.879296736488839696e-07
2.027000000000000000e+03 4.887115925463258662e-07
2.028000000000000000e+03 4.894935114437677628e-07
2.029000000000000000e+03 4.902754303412096593e-07
2.030000000000000000e+03 4.910573492386515559e-07
2.031000000000000000e+03 4.918392681360934525e-07
2.032000000000000000e+03 4.926211870335353491e-07
2.033000000000000000e+03 4.934031059309772457e-07
2.034000000000000000e+03 4.941850248284191423e-07
2.035000000000000000e+03 4.949669437258610388e-07
2.036000000000000000e+03 4.957471829923403084e-07
2.037000000000000000e+03 4.965274222588195779e-07
2.038000000000000000e+03 4.973076615252988475e-07
2.039000000000000000e+03 4.980879007917781170e-07
2.040000000000000000e+03 4.988681400582573866e-07
2.041000000000000000e+03 4.996483793247366561e-07
2.042000000000000000e+03 5.004286185912159257e-07
2.043000000000000000e+03 5.012088578576951952e-07
2.044000000000000000e+03 5.019890971241744648e-07
2.045000000000000000e+03 5.027693363906537343e-07
2.046000000000000000e+03 5.036940716512855686e-07
2.047000000000000000e+03 5.046188069119174029e-07
2.048000000000000000e+03 5.055435421725493431e-07
2.049000000000000000e+03 5.064682774331811774e-07
2.050000000000000000e+03 5.073930126938130117e-07
2.051000000000000000e+03 5.083177479544448460e-07
2.052000000000000000e+03 5.092424832150766802e-07
2.053000000000000000e+03 5.101672184757086204e-07
2.054000000000000000e+03 5.110919537363404547e-07
2.055000000000000000e+03 5.120166889969722890e-07
2.056000000000000000e+03 5.130050523698087716e-07
2.057000000000000000e+03 5.139934157426453600e-07
2.058000000000000000e+03 5.149817791154819485e-07
2.059000000000000000e+03 5.159701424883184310e-07
2.060000000000000000e+03 5.169585058611549136e-07
2.061000000000000000e+03 5.179468692339915020e-07
2.062000000000000000e+03 5.189352326068280905e-07
2.063000000000000000e+03 5.199235959796645730e-07
2.064000000000000000e+03 5.209119593525010556e-07
2.065000000000000000e+03 5.219003227253376440e-07
2.066000000000000000e+03 5.225332088687457349e-07
2.067000000000000000e+03 5.231660950121538258e-07
2.068000000000000000e+03 5.237989811555619167e-07
2.069000000000000000e+03 5.244318672989700075e-07
2.070000000000000000e+03 5.250647534423779925e-07
2.071000000000000000e+03 5.256976395857860834e-07
2.072000000000000000e+03 5.263305257291941743e-07
2.073000000000000000e+03 5.269634118726022652e-07
2.074000000000000000e+03 5.275962980160103560e-07
2.075000000000000000e+03 5.282291841594184469e-07
2.076000000000000000e+03 5.289882750654802692e-07
2.077000000000000000e+03 5.297473659715420915e-07
2.078000000000000000e+03 5.305064568776039138e-07
2.079000000000000000e+03 5.312655477836657361e-07
2.080000000000000000e+03 5.320246386897274525e-07
2.081000000000000000e+03 5.327837295957892748e-07
2.082000000000000000e+03 5.335428205018510971e-07
2.083000000000000000e+03 5.343019114079129194e-07
2.084000000000000000e+03 5.350610023139747417e-07
2.085000000000000000e+03 5.358200932200365640e-07
2.086000000000000000e+03 5.367497672828566874e-07
2.087000000000000000e+03 5.376794413456768109e-07
2.088000000000000000e+03 5.386091154084969343e-07
2.089000000000000000e+03 5.395387894713170578e-07
2.090000000000000000e+03 5.404684635341372871e-07
2.091000000000000000e+03 5.413981375969574106e-07
2.092000000000000000e+03 5.423278116597775340e-07
2.093000000000000000e+03 5.432574857225976575e-07
2.094000000000000000e+03 5.441871597854177810e-07
2.095000000000000000e+03 5.451168338482379044e-07
2.096000000000000000e+03 5.458262996128680745e-07
2.097000000000000000e+03 5.465357653774982446e-07
2.098000000000000000e+03 5.472452311421284148e-07
2.099000000000000000e+03 5.479546969067585849e-07
2.100000000000000000e+03 5.486641626713887550e-07
2.101000000000000000e+03 5.493736284360189251e-07
2.102000000000000000e+03 5.500830942006490952e-07
2.103000000000000000e+03 5.507925599652792654e-07
2.104000000000000000e+03 5.515020257299094355e-07
2.105000000000000000e+03 5.522114914945396056e-07
2.106000000000000000e+03 5.529777839071353584e-07
2.107000000000000000e+03 5.537440763197311111e-07
2.108000000000000000e+03 5.545103687323268639e-07
2.109000000000000000e+03 5.552766611449226167e-07
2.110000000000000000e+03 5.560429535575182635e-07
2.111000000000000000e+03 5.568092459701140163e-07
2.112000000000000000e+03 5.575755383827097691e-07
2.113000000000000000e+03 5.583418307953055218e-07
2.114000000000000000e+03 5.591081232079012746e-07
2.115000000000000000e+03 5.598744156204970274e-07
2.116000000000000000e+03 5.606905463922071667e-07
2.117000000000000000e+03 5.615066771639172001e-07
2.118000000000000000e+03 5.623228079356273395e-07
2.119000000000000000e+03 5.631389387073374788e-07
2.120000000000000000e+03 5.639550694790475122e-07
2.121000000000000000e+03 5.647712002507576516e-07
2.122000000000000000e+03 5.655873310224677909e-07
2.123000000000000000e+03 5.664034617941779302e-07
2.124000000000000000e+03 5.672195925658879637e-07
2.125000000000000000e+03 5.680357233375981030e-07
2.126000000000000000e+03 5.688976611179809471e-07
2.127000000000000000e+03 5.697595988983638970e-07
2.128000000000000000e+03 5.706215366787467411e-07
2.129000000000000000e+03 5.714834744591295851e-07
2.130000000000000000e+03 5.723454122395125351e-07
2.131000000000000000e+03 5.732073500198953791e-07
2.132000000000000000e+03 5.740692878002782232e-07
2.133000000000000000e+03 5.749312255806610673e-07
2.134000000000000000e+03 5.757931633610440172e-07
2.135000000000000000e+03 5.766551011414268613e-07
2.136000000000000000e+03 5.774335199831636453e-07
2.137000000000000000e+03 5.782119388249004294e-07
2.138000000000000000e+03 5.789903576666373194e-07
2.139000000000000000e+03 5.797687765083741035e-07
2.140000000000000000e+03 5.805471953501108875e-07
2.141000000000000000e+03 5.813256141918476716e-07
2.142000000000000000e+03 5.821040330335844557e-07
2.143000000000000000e+03 5.828824518753213456e-07
2.144000000000000000e+03 5.836608707170581297e-07
2.145000000000000000e+03 5.844392895587949138e-07
2.146000000000000000e+03 5.852545934327019781e-07
2.147000000000000000e+03 5.860698973066090424e-07
2.148000000000000000e+03 5.868852011805161067e-07
2.149000000000000000e+03 5.877005050544231710e-07
2.150000000000000000e+03 5.885158089283302353e-07
2.151000000000000000e+03 5.893311128022374055e-07
2.152000000000000000e+03 5.901464166761444698e-07
2.153000000000000000e+03 5.909617205500515342e-07
2.154000000000000000e+03 5.917770244239585985e-07
2.155000000000000000e+03 5.925923282978656628e-07
2.156000000000000000e+03 5.933014391321408763e-07
2.157000000000000000e+03 5.940105499664160898e-07
2.158000000000000000e+03 5.947196608006913034e-07
2.159000000000000000e+03 5.954287716349665169e-07
2.160000000000000000e+03 5.961378824692417304e-07
2.161000000000000000e+03 5.968469933035169440e-07
2.162000000000000000e+03 5.975561041377921575e-07
2.163000000000000000e+03 5.982652149720673710e-07
2.164000000000000000e+03 5.989743258063425846e-07
2.165000000000000000e+03 5.996834366406177981e-07
2.166000000000000000e+03 6.003842370181654660e-07
2.167000000000000000e+03 6.010850373957131339e-07
2.168000000000000000e+03 6.017858377732608019e-07
2.169000000000000000e+03 6.024866381508084698e-07
2.170000000000000000e+03 6.031874385283560318e-07
2.171000000000000000e+03 6.038882389059036997e-07
2.172000000000000000e+03 6.045890392834513676e-07
2.173000000000000000e+03 6.052898396609990355e-07
2.174000000000000000e+03 6.059906400385467034e-07
2.175000000000000000e+03 6.066914404160943714e-07
2.176000000000000000e+03 6.076147200531836586e-07
2.177000000000000000e+03 6.085379996902728400e-07
2.178000000000000000e+03 6.094612793273620214e-07
2.179000000000000000e+03 6.103845589644513087e-07
2.180000000000000000e+03 6.113078386015405960e-07
2.181000000000000000e+03 6.122311182386297774e-07
2.182000000000000000e+03 6.131543978757189588e-07
2.183000000000000000e+03 6.140776775128082461e-07
2.184000000000000000e+03 6.150009571498975333e-07
2.185000000000000000e+03 6.159242367869867147e-07
2.186000000000000000e+03 6.168046473589444917e-07
2.187000000000000000e+03 6.176850579309022687e-07
2.188000000000000000e+03 6.185654685028601516e-07
2.189000000000000000e+03 6.194458790748179286e-07
2.190000000000000000e+03 6.203262896467757056e-07
2.191000000000000000e+03 6.212067002187334825e-07
2.192000000000000000e+03 6.220871107906912595e-07
2.193000000000000000e+03 6.229675213626491424e-07
2.194000000000000000e+03 6.238479319346069194e-07
2.195000000000000000e+03 6.247283425065646964e-07
2.196000000000000000e+03 6.253824406808246641e-07
2.197000000000000000e+03 6.260365388550846318e-07
2.198000000000000000e+03 6.266906370293445995e-07
2.199000000000000000e+03 6.273447352036045672e-07
2.200000000000000000e+03 6.279988333778644290e-07
2.201000000000000000e+03 6.286529315521243967e-07
2.202000000000000000e+03 6.293070297263843644e-07
2.203000000000000000e+03 6.299611279006443321e-07
2.204000000000000000e+03 6.306152260749042998e-07
2.205000000000000000e+03 6.312693242491642676e-07
2.206000000000000000e+03 6.319771048775736748e-07
2.207000000000000000e+03 6.326848855059829763e-07
2.208000000000000000e+03 6.333926661343923835e-07
2.209000000000000000e+03 6.341004467628016850e-07
2.210000000000000000e+03 6.348082273912110923e-07
2.211000000000000000e+03 6.355160080196204995e-07
2.212000000000000000e+03 6.362237886480298010e-07
2.213000000000000000e+03 6.369315692764392082e-07
2.214000000000000000e+03 6.376393499048485097e-07
2.215000000000000000e+03 6.383471305332579169e-07
2.216000000000000000e+03 6.392572254595150698e-07
2.217000000000000000e+03 6.401673203857721168e-07
2.218000000000000000e+03 6.410774153120292696e-07
2.219000000000000000e+03 6.419875102382864224e-07
2.220000000000000000e+03 6.428976051645434694e-07
2.221000000000000000e+03 6.438077000908006223e-07
2.222000000000000000e+03 6.447177950170577751e-07
2.223000000000000000e+03 6.456278899433149279e-07
2.224000000000000000e+03 6.465379848695719749e-07
2.225000000000000000e+03 6.474480797958291278e-07
2.226000000000000000e+03 6.481484100386951581e-07
2.227000000000000000e+03 6.488487402815611884e-07
2.228000000000000000e+03 6.495490705244271128e-07
2.229000000000000000e+03 6.502494007672931431e-07
2.230000000000000000e+03 6.509497310101591734e-07
2.231000000000000000e+03 6.516500612530252037e-07
2.232000000000000000e+03 6.523503914958912340e-07
2.233000000000000000e+03 6.530507217387571585e-07
2.234000000000000000e+03 6.537510519816231888e-07
2.235000000000000000e+03 6.544513822244892191e-07
2.236000000000000000e+03 6.551824876671223980e-07
2.237000000000000000e+03 6.559135931097555768e-07
2.238000000000000000e+03 6.566446985523888615e-07
2.239000000000000000e+03 6.573758039950220404e-07
2.240000000000000000e+03 6.581069094376552193e-07
2.241000000000000000e+03 6.588380148802883981e-07
2.242000000000000000e+03 6.595691203229215770e-07
2.243000000000000000e+03 6.603002257655548617e-07
2.244000000000000000e+03 6.610313312081880406e-07
2.245000000000000000e+03 6.617624366508212194e-07
2.246000000000000000e+03 6.625340461629909006e-07
2.247000000000000000e+03 6.633056556751605818e-07
2.248000000000000000e+03 6.640772651873303688e-07
2.249000000000000000e+03 6.648488746995000500e-07
2.250000000000000000e+03 6.656204842116697312e-07
2.251000000000000000e+03 6.663920937238394124e-07
2.252000000000000000e+03 6.671637032360090935e-07
2.253000000000000000e+03 6.679353127481788806e-07
2.254000000000000000e+03 6.687069222603485618e-07
2.255000000000000000e+03 6.694785317725182429e-07
2.256000000000000000e+03 6.703172718544937557e-07
2.257000000000000000e+03 6.711560119364692684e-07
2.258000000000000000e+03 6.719947520184448870e-07
2.259000000000000000e+03 6.728334921004203998e-07
2.260000000000000000e+03 6.736722321823959125e-07
2.261000000000000000e+03 6.745109722643714252e-07
2.262000000000000000e+03 6.753497123463469380e-07
2.263000000000000000e+03 6.761884524283225566e-07
2.264000000000000000e+03 6.770271925102980693e-07
2.265000000000000000e+03 6.778659325922735821e-07
2.266000000000000000e+03 6.786182564177724234e-07
2.267000000000000000e+03 6.793705802432712647e-07
2.268000000000000000e+03 6.801229040687701060e-07
2.269000000000000000e+03 6.808752278942689474e-07
2.270000000000000000e+03 6.816275517197677887e-07
2.271000000000000000e+03 6.823798755452665241e-07
2.272000000000000000e+03 6.831321993707653655e-07
2.273000000000000000e+03 6.838845231962642068e-07
2.274000000000000000e+03 6.846368470217630481e-07
2.275000000000000000e+03 6.853891708472618894e-07
2.276000000000000000e+03 6.861264909162107002e-07
2.277000000000000000e+03 6.868638109851596169e-07
2.278000000000000000e+03 6.876011310541084277e-07
2.279000000000000000e+03 6.883384511230573444e-07
2.280000000000000000e+03 6.890757711920061552e-07
2.281000000000000000e+03 6.898130912609549660e-07
2.282000000000000000e+03 6.905504113299038827e-07
2.283000000000000000e+03 6.912877313988526935e-07
2.284000000000000000e+03 6.920250514678016102e-07
2.285000000000000000e+03 6.927623715367504210e-07
2.286000000000000000e+03 6.936853335219296032e-07
2.287000000000000000e+03 6.946082955071087853e-07
2.288000000000000000e+03 6.955312574922879674e-07
2.289000000000000000e+03 6.964542194774671496e-07
2.290000000000000000e+03 6.973771814626462259e-07
2.291000000000000000e+03 6.983001434478254080e-07
2.292000000000000000e+03 6.992231054330045901e-07
2.293000000000000000e+03 7.001460674181837723e-07
2.294000000000000000e+03 7.010690294033629544e-07
2.295000000000000000e+03 7.019919913885421366e-07
2.296000000000000000e+03 7.027739745643477733e-07
2.297000000000000000e+03 7.035559577401534100e-07
2.298000000000000000e+03 7.043379409159590467e-07
2.299000000000000000e+03 7.051199240917646834e-07
2.300000000000000000e+03 7.059019072675704259e-07
2.301000000000000000e+03 7.066838904433760626e-07
2.302000000000000000e+03 7.074658736191816993e-07
2.303000000000000000e+03 7.082478567949873360e-07
2.304000000000000000e+03 7.090298399707929727e-07
2.305000000000000000e+03 7.098118231465986094e-07
2.306000000000000000e+03 7.107715843319641565e-07
2.307000000000000000e+03 7.117313455173297035e-07
2.308000000000000000e+03 7.126911067026952505e-07
2.309000000000000000e+03 7.136508678880607976e-07
2.310000000000000000e+03 7.146106290734263446e-07
2.311000000000000000e+03 7.155703902587919976e-07
2.312000000000000000e+03 7.165301514441575446e-07
2.313000000000000000e+03 7.174899126295230916e-07
2.314000000000000000e+03 7.184496738148886387e-07
2.315000000000000000e+03 7.194094350002541857e-07
2.316000000000000000e+03 7.202817853525465525e-07
2.317000000000000000e+03 7.211541357048388134e-07
2.318000000000000000e+03 7.220264860571311802e-07
2.319000000000000000e+03 7.228988364094235469e-07
2.320000000000000000e+03 7.237711867617158078e-07
2.321000000000000000e+03 7.246435371140081746e-07
2.322000000000000000e+03 7.255158874663005413e-07
2.323000000000000000e+03 7.263882378185929081e-07
2.324000000000000000e+03 7.272605881708851690e-07
2.325000000000000000e+03 7.281329385231775358e-07
2.326000000000000000e+03 7.291249971035439295e-07
2.327000000000000000e+03 7.301170556839102173e-07
2.328000000000000000e+03 7.311091142642766111e-07
2.329000000000000000e+03 7.321011728446428989e-07
2.330000000000000000e+03 7.330932314250092926e-07
2.331000000000000000e+03 7.340852900053756864e-07
2.332000000000000000e+03 7.350773485857419742e-07
2.333000000000000000e+03 7.360694071661083679e-07
2.334000000000000000e+03 7.370614657464746558e-07
2.335000000000000000e+03 7.380535243268410495e-07
2.336000000000000000e+03 7.391030579248793176e-07
2.337000000000000000e+03 7.401525915229175857e-07
2.338000000000000000e+03 7.412021251209558537e-07
2.339000000000000000e+03 7.422516587189941218e-07
2.340000000000000000e+03 7.433011923170323899e-07
2.341000000000000000e+03 7.443507259150705521e-07
2.342000000000000000e+03 7.454002595131088202e-07
2.343000000000000000e+03 7.464497931111470883e-07
2.344000000000000000e+03 7.474993267091853563e-07
2.345000000000000000e+03 7.485488603072236244e-07
2.346000000000000000e+03 7.493074299492619048e-07
2.347000000000000000e+03 7.500659995913001852e-07
2.348000000000000000e+03 7.508245692333383597e-07
2.349000000000000000e+03 7.515831388753766402e-07
2.350000000000000000e+03 7.523417085174149206e-07
2.351000000000000000e+03 7.531002781594532010e-07
2.352000000000000000e+03 7.538588478014914814e-07
2.353000000000000000e+03 7.546174174435296559e-07
2.354000000000000000e+03 7.553759870855679363e-07
2.355000000000000000e+03 7.561345567276062167e-07
2.356000000000000000e+03 7.570005791802824907e-07
2.357000000000000000e+03 7.578666016329587648e-07
2.358000000000000000e+03 7.587326240856350388e-07
2.359000000000000000e+03 7.595986465383113129e-07
2.360000000000000000e+03 7.604646689909875869e-07
2.361000000000000000e+03 7.613306914436639668e-07
2.362000000000000000e+03 7.621967138963402409e-07
2.363000000000000000e+03 7.630627363490165149e-07
2.364000000000000000e+03 7.639287588016927889e-07
2.365000000000000000e+03 7.647947812543690630e-07
2.366000000000000000e+03 7.656873082656664293e-07
2.367000000000000000e+03 7.665798352769637957e-07
2.368000000000000000e+03 7.674723622882611620e-07
2.369000000000000000e+03 7.683648892995585283e-07
2.370000000000000000e+03 7.692574163108558947e-07
2.371000000000000000e+03 7.701499433221533669e-07
2.372000000000000000e+03 7.710424703334507333e-07
2.373000000000000000e+03 7.719349973447480996e-07
2.374000000000000000e+03 7.728275243560454659e-07
2.375000000000000000e+03 7.737200513673428323e-07
2.376000000000000000e+03 7.746961100987263944e-07
2.377000000000000000e+03 7.756721688301099565e-07
2.378000000000000000e+03 7.766482275614935186e-07
2.379000000000000000e+03 7.776242862928770807e-07
2.380000000000000000e+03 7.786003450242606428e-07
2.381000000000000000e+03 7.795764037556443108e-07
2.382000000000000000e+03 7.805524624870278729e-07
2.383000000000000000e+03 7.815285212184114350e-07
2.384000000000000000e+03 7.825045799497949972e-07
2.385000000000000000e+03 7.834806386811785593e-07
2.386000000000000000e+03 7.843779780468465441e-07
2.387000000000000000e+03 7.852753174125145289e-07
2.388000000000000000e+03 7.861726567781825138e-07
2.389000000000000000e+03 7.870699961438504986e-07
2.390000000000000000e+03 7.879673355095185893e-07
2.391000000000000000e+03 7.888646748751865741e-07
2.392000000000000000e+03 7.897620142408545590e-07
2.393000000000000000e+03 7.906593536065225438e-07
2.394000000000000000e+03 7.915566929721905286e-07
2.395000000000000000e+03 7.924540323378585135e-07
2.396000000000000000e+03 7.933239532589422655e-07
2.397000000000000000e+03 7.941938741800260174e-07
2.398000000000000000e+03 7.950637951011096635e-07
2.399000000000000000e+03 7.959337160221934155e-07
2.400000000000000000e+03 7.968036369432771675e-07
2.401000000000000000e+03 7.976735578643609194e-07
2.402000000000000000e+03 7.985434787854446714e-07
2.403000000000000000e+03 7.994133997065283175e-07
2.404000000000000000e+03 8.002833206276120695e-07
2.405000000000000000e+03 8.011532415486958215e-07
2.406000000000000000e+03 8.019566064307637265e-07
2.407000000000000000e+03 8.027599713128316315e-07
2.408000000000000000e+03 8.035633361948996424e-07
2.409000000000000000e+03 8.043667010769675475e-07
2.410000000000000000e+03 8.051700659590354525e-07
2.411000000000000000e+03 8.059734308411033575e-07
2.412000000000000000e+03 8.067767957231712626e-07
2.413000000000000000e+03 8.075801606052392735e-07
2.414000000000000000e+03 8.083835254873071785e-07
2.415000000000000000e+03 8.091868903693750835e-07
2.416000000000000000e+03 8.098952761627344935e-07
2.417000000000000000e+03 8.106036619560939034e-07
2.418000000000000000e+03 8.113120477494533134e-07
2.419000000000000000e+03 8.120204335428127233e-07
2.420000000000000000e+03 8.127288193361721332e-07
2.421000000000000000e+03 8.134372051295315432e-07
2.422000000000000000e+03 8.141455909228909531e-07
2.423000000000000000e+03 8.148539767162503631e-07
2.424000000000000000e+03 8.155623625096097730e-07
2.425000000000000000e+03 8.162707483029691830e-07
2.426000000000000000e+03 8.170856684804685091e-07
2.427000000000000000e+03 8.179005886579678353e-07
2.428000000000000000e+03 8.187155088354672674e-07
2.429000000000000000e+03 8.195304290129665936e-07
2.430000000000000000e+03 8.203453491904659198e-07
2.431000000000000000e+03 8.211602693679652460e-07
2.432000000000000000e+03 8.219751895454645721e-07
2.433000000000000000e+03 8.227901097229640042e-07
2.434000000000000000e+03 8.236050299004633304e-07
2.435000000000000000e+03 8.244199500779626566e-07
2.436000000000000000e+03 8.252331125682168039e-07
2.437000000000000000e+03 8.260462750584708454e-07
2.438000000000000000e+03 8.268594375487249928e-07
2.439000000000000000e+03 8.276726000389791401e-07
2.440000000000000000e+03 8.284857625292331816e-07
2.441000000000000000e+03 8.292989250194873290e-07
2.442000000000000000e+03 8.301120875097414763e-07
2.443000000000000000e+03 8.309252499999956237e-07
2.444000000000000000e+03 8.317384124902496652e-07
2.445000000000000000e+03 8.325515749805038125e-07
2.446000000000000000e+03 8.334118821163806799e-07
2.447000000000000000e+03 8.342721892522576531e-07
2.448000000000000000e+03 8.351324963881346263e-07
2.449000000000000000e+03 8.359928035240114936e-07
2.450000000000000000e+03 8.368531106598883610e-07
2.451000000000000000e+03 8.377134177957653342e-07
2.452000000000000000e+03 8.385737249316423074e-07
2.453000000000000000e+03 8.394340320675191748e-07
2.454000000000000000e+03 8.402943392033960421e-07
2.455000000000000000e+03 8.411546463392730153e-07
2.456000000000000000e+03 8.419521441978466608e-07
2.457000000000000000e+03 8.427496420564203063e-07
2.458000000000000000e+03 8.435471399149939518e-07
2.459000000000000000e+03 8.443446377735675973e-07
2.460000000000000000e+03 8.451421356321412428e-07
2.461000000000000000e+03 8.459396334907148883e-07
2.462000000000000000e+03 8.467371313492885338e-07
2.463000000000000000e+03 8.475346292078621793e-07
2.464000000000000000e+03 8.483321270664358248e-07
2.465000000000000000e+03 8.491296249250094703e-07
2.466000000000000000e+03 8.498139616129907886e-07
2.467000000000000000e+03 8.504982983009720010e-07
2.468000000000000000e+03 8.511826349889533193e-07
2.469000000000000000e+03 8.518669716769346377e-07
2.470000000000000000e+03 8.525513083649158501e-07
2.471000000000000000e+03 8.532356450528971684e-07
2.472000000000000000e+03 8.539199817408784867e-07
2.473000000000000000e+03 8.546043184288598051e-07
2.474000000000000000e+03 8.552886551168410175e-07
2.475000000000000000e+03 8.559729918048223358e-07
2.476000000000000000e+03 8.565825989676799385e-07
2.477000000000000000e+03 8.571922061305375411e-07
2.478000000000000000e+03 8.578018132933951437e-07
2.479000000000000000e+03 8.584114204562527464e-07
2.480000000000000000e+03 8.590210276191102431e-07
2.481000000000000000e+03 8.596306347819678458e-07
2.482000000000000000e+03 8.602402419448254484e-07
2.483000000000000000e+03 8.608498491076830511e-07
2.484000000000000000e+03 8.614594562705406537e-07
2.485000000000000000e+03 8.620690634333982563e-07
2.486000000000000000e+03 8.627415545568120175e-07
2.487000000000000000e+03 8.634140456802257787e-07
2.488000000000000000e+03 8.640865368036395399e-07
2.489000000000000000e+03 8.647590279270533011e-07
2.490000000000000000e+03 8.654315190504671682e-07
2.491000000000000000e+03 8.661040101738809294e-07
2.492000000000000000e+03 8.667765012972946906e-07
2.493000000000000000e+03 8.674489924207084518e-07
2.494000000000000000e+03 8.681214835441222130e-07
2.495000000000000000e+03 8.687939746675359742e-07
2.496000000000000000e+03 8.696144158841822149e-07
2.497000000000000000e+03 8.704348571008284555e-07
2.498000000000000000e+03 8.712552983174745903e-07
2.499000000000000000e+03 8.720757395341208309e-07
2.500000000000000000e+03 8.728961807507670715e-07
2.501000000000000000e+03 8.737166219674133122e-07
2.502000000000000000e+03 8.745370631840595528e-07
2.503000000000000000e+03 8.753575044007056875e-07
2.504000000000000000e+03 8.761779456173519282e-07
2.505000000000000000e+03 8.769983868339981688e-07
2.506000000000000000e+03 8.777261687371489857e-07
2.507000000000000000e+03 8.784539506402999085e-07
2.508000000000000000e+03 8.791817325434507254e-07
2.509000000000000000e+03 8.799095144466016482e-07
2.510000000000000000e+03 8.806372963497524651e-07
2.511000000000000000e+03 8.813650782529032820e-07
2.512000000000000000e+03 8.820928601560542048e-07
2.513000000000000000e+03 8.828206420592050217e-07
2.514000000000000000e+03 8.835484239623559445e-07
2.515000000000000000e+03 8.842762058655067614e-07
2.516000000000000000e+03 8.849139764253037903e-07
2.517000000000000000e+03 8.855517469851008192e-07
2.518000000000000000e+03 8.861895175448978480e-07
2.519000000000000000e+03 8.868272881046948769e-07
2.520000000000000000e+03 8.874650586644919058e-07
2.521000000000000000e+03 8.881028292242890405e-07
2.522000000000000000e+03 8.887405997840860694e-07
2.523000000000000000e+03 8.893783703438830983e-07
2.524000000000000000e+03 8.900161409036801272e-07
2.525000000000000000e+03 8.906539114634771560e-07
2.526000000000000000e+03 8.912592528739442837e-07
2.527000000000000000e+03 8.918645942844114114e-07
2.528000000000000000e+03 8.924699356948784332e-07
2.529000000000000000e+03 8.930752771053455609e-07
2.530000000000000000e+03 8.936806185158126886e-07
2.531000000000000000e+03 8.942859599262798163e-07
2.532000000000000000e+03 8.948913013367469439e-07
2.533000000000000000e+03 8.954966427472139658e-07
2.534000000000000000e+03 8.961019841576810934e-07
2.535000000000000000e+03 8.967073255681482211e-07
2.536000000000000000e+03 8.973822772570030912e-07
2.537000000000000000e+03 8.980572289458579613e-07
2.538000000000000000e+03 8.987321806347128314e-07
2.539000000000000000e+03 8.994071323235677015e-07
2.540000000000000000e+03 9.000820840124225716e-07
2.541000000000000000e+03 9.007570357012774417e-07
2.542000000000000000e+03 9.014319873901323118e-07
2.543000000000000000e+03 9.021069390789871819e-07
2.544000000000000000e+03 9.027818907678420520e-07
2.545000000000000000e+03 9.034568424566969221e-07
2.546000000000000000e+03 9.041993089733584761e-07
2.547000000000000000e+03 9.049417754900199244e-07
2.548000000000000000e+03 9.056842420066814784e-07
2.549000000000000000e+03 9.064267085233430325e-07
2.550000000000000000e+03 9.071691750400045866e-07
2.551000000000000000e+03 9.079116415566660348e-07
2.552000000000000000e+03 9.086541080733275889e-07
2.553000000000000000e+03 9.093965745899891430e-07
2.554000000000000000e+03 9.101390411066505912e-07
2.555000000000000000e+03 9.108815076233121453e-07
2.556000000000000000e+03 9.115932753527942458e-07
2.557000000000000000e+03 9.123050430822763463e-07
2.558000000000000000e+03 9.130168108117584468e-07
2.559000000000000000e+03 9.137285785412405473e-07
2.560000000000000000e+03 9.144403462707226478e-07
2.561000000000000000e+03 9.151521140002047482e-07
2.562000000000000000e+03 9.158638817296868487e-07
2.563000000000000000e+03 9.165756494591689492e-07
2.564000000000000000e+03 9.172874171886510497e-07
2.565000000000000000e+03 9.179991849181331502e-07
2.566000000000000000e+03 9.186267515628000644e-07
2.567000000000000000e+03 9.192543182074669786e-07
2.568000000000000000e+03 9.198818848521337870e-07
2.569000000000000000e+03 9.205094514968007011e-07
2.570000000000000000e+03 9.211370181414676153e-07
2.571000000000000000e+03 9.217645847861345295e-07
2.572000000000000000e+03 9.223921514308014437e-07
2.573000000000000000e+03 9.230197180754682521e-07
2.574000000000000000e+03 9.236472847201351663e-07
2.575000000000000000e+03 9.242748513648020805e-07
2.576000000000000000e+03 9.249113285675220685e-07
2.577000000000000000e+03 9.255478057702419506e-07
2.578000000000000000e+03 9.261842829729619386e-07
2.579000000000000000e+03 9.268207601756819267e-07
2.580000000000000000e+03 9.274572373784018088e-07
2.581000000000000000e+03 9.280937145811217968e-07
2.582000000000000000e+03 9.287301917838417848e-07
2.583000000000000000e+03 9.293666689865617729e-07
2.584000000000000000e+03 9.300031461892816550e-07
2.585000000000000000e+03 9.306396233920016430e-07
2.586000000000000000e+03 9.313130524629318808e-07
2.587000000000000000e+03 9.319864815338620128e-07
2.588000000000000000e+03 9.326599106047922506e-07
2.589000000000000000e+03 9.333333396757223825e-07
2.590000000000000000e+03 9.340067687466526203e-07
2.591000000000000000e+03 9.346801978175828582e-07
2.592000000000000000e+03 9.353536268885129901e-07
2.593000000000000000e+03 9.360270559594432279e-07
2.594000000000000000e+03 9.367004850303733599e-07
2.595000000000000000e+03 9.373739141013035977e-07
2.596000000000000000e+03 9.379760713664038747e-07
2.597000000000000000e+03 9.385782286315040459e-07
2.598000000000000000e+03 9.391803858966043230e-07
2.599000000000000000e+03 9.397825431617044942e-07
2.600000000000000000e+03 9.403847004268047713e-07
2.601000000000000000e+03 9.409868576919050484e-07
2.602000000000000000e+03 9.415890149570052195e-07
2.603000000000000000e+03 9.421911722221054966e-07
2.604000000000000000e+03 9.427933294872056678e-07
2.605000000000000000e+03 9.433954867523059449e-07
2.606000000000000000e+03 9.440393924652894317e-07
2.607000000000000000e+03 9.446832981782729186e-07
2.608000000000000000e+03 9.453272038912564054e-07
2.609000000000000000e+03 9.459711096042398922e-07
2.610000000000000000e+03 9.466150153172232732e-07
2.611000000000000000e+03 9.472589210302067601e-07
2.612000000000000000e+03 9.479028267431902469e-07
2.613000000000000000e+03 9.485467324561737337e-07
2.614000000000000000e+03 9.491906381691572206e-07
2.615000000000000000e+03 9.498345438821407074e-07
2.616000000000000000e+03 9.504018859087070000e-07
2.617000000000000000e+03 9.509692279352733985e-07
2.618000000000000000e+03 9.515365699618396911e-07
2.619000000000000000e+03 9.521039119884059837e-07
2.620000000000000000e+03 9.526712540149722763e-07
2.621000000000000000e+03 9.532385960415386748e-07
2.622000000000000000e+03 9.538059380681050732e-07
2.623000000000000000e+03 9.543732800946713658e-07
2.624000000000000000e+03 9.549406221212376584e-07
2.625000000000000000e+03 9.555079641478039510e-07
2.626000000000000000e+03 9.561489378924169767e-07
2.627000000000000000e+03 9.567899116370300023e-07
2.628000000000000000e+03 9.574308853816432397e-07
2.629000000000000000e+03 9.580718591262562653e-07
2.630000000000000000e+03 9.587128328708692909e-07
2.631000000000000000e+03 9.593538066154823165e-07
2.632000000000000000e+03 9.599947803600953421e-07
2.633000000000000000e+03 9.606357541047085795e-07
2.634000000000000000e+03 9.612767278493216051e-07
2.635000000000000000e+03 9.619177015939346308e-07
2.636000000000000000e+03 9.626368775779036302e-07
2.637000000000000000e+03 9.633560535618726295e-07
2.638000000000000000e+03 9.640752295458416289e-07
2.639000000000000000e+03 9.647944055298106283e-07
2.640000000000000000e+03 9.655135815137796277e-07
2.641000000000000000e+03 9.662327574977486271e-07
2.642000000000000000e+03 9.669519334817176265e-07
2.643000000000000000e+03 9.676711094656866259e-07
2.644000000000000000e+03 9.683902854496556253e-07
2.645000000000000000e+03 9.691094614336246247e-07
2.646000000000000000e+03 9.696875323438063227e-07
2.647000000000000000e+03 9.702656032539880208e-07
2.648000000000000000e+03 9.708436741641695071e-07
2.649000000000000000e+03 9.714217450743512051e-07
2.650000000000000000e+03 9.719998159845329032e-07
2.651000000000000000e+03 9.725778868947146012e-07
2.652000000000000000e+03 9.731559578048962993e-07
2.653000000000000000e+03 9.737340287150777856e-07
2.654000000000000000e+03 9.743120996252594836e-07
2.655000000000000000e+03 9.748901705354411817e-07
2.656000000000000000e+03 9.754496184982415154e-07
2.657000000000000000e+03 9.760090664610418491e-07
2.658000000000000000e+03 9.765685144238423945e-07
2.659000000000000000e+03 9.771279623866427282e-07
2.660000000000000000e+03 9.776874103494430619e-07
2.661000000000000000e+03 9.782468583122433957e-07
2.662000000000000000e+03 9.788063062750437294e-07
2.663000000000000000e+03 9.793657542378442748e-07
2.664000000000000000e+03 9.799252022006446085e-07
2.665000000000000000e+03 9.804846501634449422e-07
2.666000000000000000e+03 9.810043143775994413e-07
2.667000000000000000e+03 9.815239785917539404e-07
2.668000000000000000e+03 9.820436428059086513e-07
2.669000000000000000e+03 9.825633070200631504e-07
2.670000000000000000e+03 9.830829712342176495e-07
2.671000000000000000e+03 9.836026354483721486e-07
2.672000000000000000e+03 9.841222996625266477e-07
2.673000000000000000e+03 9.846419638766813585e-07
2.674000000000000000e+03 9.851616280908358576e-07
2.675000000000000000e+03 9.856812923049903567e-07
2.676000000000000000e+03 9.861941510051830359e-07
2.677000000000000000e+03 9.867070097053755032e-07
2.678000000000000000e+03 9.872198684055681824e-07
2.679000000000000000e+03 9.877327271057606497e-07
2.680000000000000000e+03 9.882455858059533289e-07
2.681000000000000000e+03 9.887584445061460080e-07
2.682000000000000000e+03 9.892713032063384754e-07
2.683000000000000000e+03 9.897841619065311545e-07
2.684000000000000000e+03 9.902970206067236219e-07
2.685000000000000000e+03 9.908098793069163010e-07
2.686000000000000000e+03 9.914067999759106417e-07
2.687000000000000000e+03 9.920037206449049823e-07
2.688000000000000000e+03 9.926006413138993229e-07
2.689000000000000000e+03 9.931975619828936635e-07
2.690000000000000000e+03 9.937944826518880041e-07
2.691000000000000000e+03 9.943914033208823448e-07
2.692000000000000000e+03 9.949883239898766854e-07
2.693000000000000000e+03 9.955852446588710260e-07
2.694000000000000000e+03 9.961821653278653666e-07
2.695000000000000000e+03 9.967790859968597072e-07
2.696000000000000000e+03 9.973196735965096830e-07
2.697000000000000000e+03 9.978602611961596588e-07
2.698000000000000000e+03 9.984008487958096346e-07
2.699000000000000000e+03 9.989414363954596104e-07
2.700000000000000000e+03 9.994820239951095862e-07
2.701000000000000000e+03 1.000022611594759562e-06
2.702000000000000000e+03 1.000563199194409538e-06
2.703000000000000000e+03 1.001103786794059514e-06
2.704000000000000000e+03 1.001644374393709489e-06
2.705000000000000000e+03 1.002184961993359465e-06
2.706000000000000000e+03 1.002663798553319316e-06
2.707000000000000000e+03 1.003142635113279166e-06
2.708000000000000000e+03 1.003621471673239017e-06
2.709000000000000000e+03 1.004100308233198868e-06
2.710000000000000000e+03 1.004579144793158507e-06
2.711000000000000000e+03 1.005057981353118357e-06
2.712000000000000000e+03 1.005536817913078208e-06
2.713000000000000000e+03 1.006015654473038059e-06
2.714000000000000000e+03 1.006494491032997909e-06
2.715000000000000000e+03 1.006973327592957760e-06
2.716000000000000000e+03 1.007432862829431253e-06
2.717000000000000000e+03 1.007892398065904746e-06
2.718000000000000000e+03 1.008351933302378239e-06
2.719000000000000000e+03 1.008811468538851732e-06
2.720000000000000000e+03 1.009271003775325013e-06
2.721000000000000000e+03 1.009730539011798506e-06
2.722000000000000000e+03 1.010190074248272000e-06
2.723000000000000000e+03 1.010649609484745493e-06
2.724000000000000000e+03 1.011109144721218986e-06
2.725000000000000000e+03 1.011568679957692479e-06
2.726000000000000000e+03 1.012044288470702924e-06
2.727000000000000000e+03 1.012519896983713370e-06
2.728000000000000000e+03 1.012995505496723816e-06
2.729000000000000000e+03 1.013471114009734261e-06
2.730000000000000000e+03 1.013946722522744707e-06
2.731000000000000000e+03 1.014422331035754941e-06
2.732000000000000000e+03 1.014897939548765386e-06
2.733000000000000000e+03 1.015373548061775832e-06
2.734000000000000000e+03 1.015849156574786277e-06
2.735000000000000000e+03 1.016324765087796723e-06
2.736000000000000000e+03 1.016868694799995619e-06
2.737000000000000000e+03 1.017412624512194304e-06
2.738000000000000000e+03 1.017956554224393200e-06
2.739000000000000000e+03 1.018500483936592096e-06
2.740000000000000000e+03 1.019044413648790781e-06
2.741000000000000000e+03 1.019588343360989677e-06
2.742000000000000000e+03 1.020132273073188573e-06
2.743000000000000000e+03 1.020676202785387470e-06
2.744000000000000000e+03 1.021220132497586154e-06
2.745000000000000000e+03 1.021764062209785050e-06
2.746000000000000000e+03 1.022190379464947471e-06
2.747000000000000000e+03 1.022616696720110103e-06
2.748000000000000000e+03 1.023043013975272735e-06
2.749000000000000000e+03 1.023469331230435155e-06
2.750000000000000000e+03 1.023895648485597575e-06
2.751000000000000000e+03 1.024321965740760208e-06
2.752000000000000000e+03 1.024748282995922840e-06
2.753000000000000000e+03 1.025174600251085260e-06
2.754000000000000000e+03 1.025600917506247680e-06
2.755000000000000000e+03 1.026027234761410312e-06
2.756000000000000000e+03 1.026465836155386277e-06
2.757000000000000000e+03 1.026904437549362242e-06
2.758000000000000000e+03 1.027343038943338206e-06
2.759000000000000000e+03 1.027781640337314171e-06
2.760000000000000000e+03 1.028220241731290136e-06
2.761000000000000000e+03 1.028658843125266101e-06
2.762000000000000000e+03 1.029097444519242065e-06
2.763000000000000000e+03 1.029536045913218030e-06
2.764000000000000000e+03 1.029974647307193995e-06
2.765000000000000000e+03 1.030413248701169959e-06
2.766000000000000000e+03 1.030932863500673807e-06
2.767000000000000000e+03 1.031452478300177654e-06
2.768000000000000000e+03 1.031972093099681713e-06
2.769000000000000000e+03 1.032491707899185561e-06
2.770000000000000000e+03 1.033011322698689408e-06
2.771000000000000000e+03 1.033530937498193256e-06
2.772000000000000000e+03 1.034050552297697103e-06
2.773000000000000000e+03 1.034570167097201163e-06
2.774000000000000000e+03 1.035089781896705010e-06
2.775000000000000000e+03 1.035609396696208857e-06
2.776000000000000000e+03 1.036086753148359127e-06
2.777000000000000000e+03 1.036564109600509185e-06
2.778000000000000000e+03 1.037041466052659454e-06
2.779000000000000000e+03 1.037518822504809512e-06
2.780000000000000000e+03 1.037996178956959781e-06
2.781000000000000000e+03 1.038473535409110051e-06
2.782000000000000000e+03 1.038950891861260108e-06
2.783000000000000000e+03 1.039428248313410378e-06
2.784000000000000000e+03 1.039905604765560435e-06
2.785000000000000000e+03 1.040382961217710705e-06
2.786000000000000000e+03 1.040862144702728351e-06
2.787000000000000000e+03 1.041341328187745785e-06
2.788000000000000000e+03 1.041820511672763431e-06
2.789000000000000000e+03 1.042299695157781077e-06
2.790000000000000000e+03 1.042778878642798723e-06
2.791000000000000000e+03 1.043258062127816157e-06
2.792000000000000000e+03 1.043737245612833803e-06
2.793000000000000000e+03 1.044216429097851449e-06
2.794000000000000000e+03 1.044695612582868883e-06
2.795000000000000000e+03 1.045174796067886529e-06
2.796000000000000000e+03 1.045633497786224935e-06
2.797000000000000000e+03 1.046092199504563341e-06
2.798000000000000000e+03 1.046550901222901746e-06
2.799000000000000000e+03 1.047009602941240152e-06
2.800000000000000000e+03 1.047468304659578558e-06
2.801000000000000000e+03 1.047927006377916964e-06
2.802000000000000000e+03 1.048385708096255370e-06
2.803000000000000000e+03 1.048844409814593775e-06
2.804000000000000000e+03 1.049303111532932181e-06
2.805000000000000000e+03 1.049761813251270587e-06
2.806000000000000000e+03 1.050223796269304645e-06
2.807000000000000000e+03 1.050685779287338492e-06
2.808000000000000000e+03 1.051147762305372550e-06
2.809000000000000000e+03 1.051609745323406397e-06
2.810000000000000000e+03 1.052071728341440455e-06
2.811000000000000000e+03 1.052533711359474513e-06
2.812000000000000000e+03 1.052995694377508360e-06
2.813000000000000000e+03 1.053457677395542418e-06
2.814000000000000000e+03 1.053919660413576265e-06
2.815000000000000000e+03 1.054381643431610323e-06
2.816000000000000000e+03 1.054870272777023559e-06
2.817000000000000000e+03 1.055358902122436583e-06
2.818000000000000000e+03 1.055847531467849608e-06
2.819000000000000000e+03 1.056336160813262844e-06
2.820000000000000000e+03 1.056824790158676080e-06
2.821000000000000000e+03 1.057313419504089104e-06
2.822000000000000000e+03 1.057802048849502128e-06
2.823000000000000000e+03 1.058290678194915364e-06
2.824000000000000000e+03 1.058779307540328600e-06
2.825000000000000000e+03 1.059267936885741624e-06
2.826000000000000000e+03 1.059686414858509023e-06
2.827000000000000000e+03 1.060104892831276421e-06
2.828000000000000000e+03 1.060523370804043820e-06
2.829000000000000000e+03 1.060941848776811219e-06
2.830000000000000000e+03 1.061360326749578829e-06
2.831000000000000000e+03 1.061778804722346228e-06
2.832000000000000000e+03 1.062197282695113627e-06
2.833000000000000000e+03 1.062615760667881026e-06
2.834000000000000000e+03 1.063034238640648424e-06
2.835000000000000000e+03 1.063452716613415823e-06
2.836000000000000000e+03 1.063892481113888059e-06
2.837000000000000000e+03 1.064332245614360084e-06
2.838000000000000000e+03 1.064772010114832320e-06
2.839000000000000000e+03 1.065211774615304556e-06
2.840000000000000000e+03 1.065651539115776580e-06
2.841000000000000000e+03 1.066091303616248816e-06
2.842000000000000000e+03 1.066531068116721052e-06
2.843000000000000000e+03 1.066970832617193288e-06
2.844000000000000000e+03 1.067410597117665313e-06
2.845000000000000000e+03 1.067850361618137549e-06
2.846000000000000000e+03 1.068259764698567079e-06
2.847000000000000000e+03 1.068669167778996610e-06
2.848000000000000000e+03 1.069078570859426140e-06
2.849000000000000000e+03 1.069487973939855671e-06
2.850000000000000000e+03 1.069897377020284989e-06
2.851000000000000000e+03 1.070306780100714520e-06
2.852000000000000000e+03 1.070716183181144050e-06
2.853000000000000000e+03 1.071125586261573580e-06
2.854000000000000000e+03 1.071534989342003111e-06
2.855000000000000000e+03 1.071944392422432641e-06
2.856000000000000000e+03 1.072329445397231631e-06
2.857000000000000000e+03 1.072714498372030409e-06
2.858000000000000000e+03 1.073099551346829399e-06
2.859000000000000000e+03 1.073484604321628177e-06
2.860000000000000000e+03 1.073869657296427167e-06
2.861000000000000000e+03 1.074254710271226157e-06
2.862000000000000000e+03 1.074639763246024935e-06
2.863000000000000000e+03 1.075024816220823925e-06
2.864000000000000000e+03 1.075409869195622703e-06
2.865000000000000000e+03 1.075794922170421693e-06
2.866000000000000000e+03 1.076301776450113579e-06
2.867000000000000000e+03 1.076808630729805465e-06
2.868000000000000000e+03 1.077315485009497563e-06
2.869000000000000000e+03 1.077822339289189450e-06
2.870000000000000000e+03 1.078329193568881336e-06
2.871000000000000000e+03 1.078836047848573222e-06
2.872000000000000000e+03 1.079342902128265108e-06
2.873000000000000000e+03 1.079849756407957206e-06
2.874000000000000000e+03 1.080356610687649092e-06
2.875000000000000000e+03 1.080863464967340978e-06
2.876000000000000000e+03 1.081352324386419598e-06
2.877000000000000000e+03 1.081841183805498218e-06
2.878000000000000000e+03 1.082330043224576838e-06
2.879000000000000000e+03 1.082818902643655458e-06
2.880000000000000000e+03 1.083307762062734078e-06
2.881000000000000000e+03 1.083796621481812486e-06
2.882000000000000000e+03 1.084285480900891106e-06
2.883000000000000000e+03 1.084774340319969726e-06
2.884000000000000000e+03 1.085263199739048345e-06
2.885000000000000000e+03 1.085752059158126965e-06
2.886000000000000000e+03 1.086162657195605990e-06
2.887000000000000000e+03 1.086573255233085226e-06
2.888000000000000000e+03 1.086983853270564251e-06
2.889000000000000000e+03 1.087394451308043487e-06
2.890000000000000000e+03 1.087805049345522512e-06
2.891000000000000000e+03 1.088215647383001536e-06
2.892000000000000000e+03 1.088626245420480772e-06
2.893000000000000000e+03 1.089036843457959797e-06
2.894000000000000000e+03 1.089447441495439033e-06
2.895000000000000000e+03 1.089858039532918058e-06
2.896000000000000000e+03 1.090254338446277015e-06
2.897000000000000000e+03 1.090650637359635972e-06
2.898000000000000000e+03 1.091046936272994717e-06
2.899000000000000000e+03 1.091443235186353674e-06
2.900000000000000000e+03 1.091839534099712631e-06
2.901000000000000000e+03 1.092235833013071588e-06
2.902000000000000000e+03 1.092632131926430545e-06
2.903000000000000000e+03 1.093028430839789290e-06
2.904000000000000000e+03 1.093424729753148247e-06
2.905000000000000000e+03 1.093821028666507204e-06
2.906000000000000000e+03 1.094203468249463403e-06
2.907000000000000000e+03 1.094585907832419603e-06
2.908000000000000000e+03 1.094968347415376013e-06
2.909000000000000000e+03 1.095350786998332213e-06
2.910000000000000000e+03 1.095733226581288412e-06
2.911000000000000000e+03 1.096115666164244611e-06
2.912000000000000000e+03 1.096498105747200810e-06
2.913000000000000000e+03 1.096880545330157221e-06
2.914000000000000000e+03 1.097262984913113420e-06
2.915000000000000000e+03 1.097645424496069619e-06
2.916000000000000000e+03 1.098043615029242160e-06
2.917000000000000000e+03 1.098441805562414701e-06
2.918000000000000000e+03 1.098839996095587241e-06
2.919000000000000000e+03 1.099238186628759782e-06
2.920000000000000000e+03 1.099636377161932323e-06
2.921000000000000000e+03 1.100034567695104864e-06
2.922000000000000000e+03 1.100432758228277404e-06
2.923000000000000000e+03 1.100830948761449945e-06
2.924000000000000000e+03 1.101229139294622486e-06
2.925000000000000000e+03 1.101627329827795027e-06
2.926000000000000000e+03 1.101989233709786723e-06
2.927000000000000000e+03 1.102351137591778420e-06
2.928000000000000000e+03 1.102713041473770117e-06
2.929000000000000000e+03 1.103074945355761813e-06
2.930000000000000000e+03 1.103436849237753510e-06
2.931000000000000000e+03 1.103798753119745207e-06
2.932000000000000000e+03 1.104160657001736904e-06
2.933000000000000000e+03 1.104522560883728600e-06
2.934000000000000000e+03 1.104884464765720297e-06
2.935000000000000000e+03 1.105246368647711994e-06
2.936000000000000000e+03 1.105640522056514760e-06
2.937000000000000000e+03 1.106034675465317314e-06
2.938000000000000000e+03 1.106428828874120080e-06
2.939000000000000000e+03 1.106822982282922846e-06
2.940000000000000000e+03 1.107217135691725401e-06
2.941000000000000000e+03 1.107611289100528167e-06
2.942000000000000000e+03 1.108005442509330933e-06
2.943000000000000000e+03 1.108399595918133699e-06
2.944000000000000000e+03 1.108793749326936253e-06
2.945000000000000000e+03 1.109187902735739020e-06
2.946000000000000000e+03 1.109546202448750875e-06
2.947000000000000000e+03 1.109904502161762731e-06
2.948000000000000000e+03 1.110262801874774586e-06
2.949000000000000000e+03 1.110621101587786442e-06
2.950000000000000000e+03 1.110979401300798298e-06
2.951000000000000000e+03 1.111337701013810153e-06
2.952000000000000000e+03 1.111696000726822009e-06
2.953000000000000000e+03 1.112054300439833865e-06
2.954000000000000000e+03 1.112412600152845720e-06
2.955000000000000000e+03 1.112770899865857576e-06
2.956000000000000000e+03 1.113059372385737309e-06
2.957000000000000000e+03 1.113347844905617043e-06
2.958000000000000000e+03 1.113636317425496776e-06
2.959000000000000000e+03 1.113924789945376509e-06
2.960000000000000000e+03 1.114213262465256031e-06
2.961000000000000000e+03 1.114501734985135764e-06
2.962000000000000000e+03 1.114790207505015497e-06
2.963000000000000000e+03 1.115078680024895231e-06
2.964000000000000000e+03 1.115367152544774964e-06
2.965000000000000000e+03 1.115655625064654697e-06
2.966000000000000000e+03 1.116069673429476825e-06
2.967000000000000000e+03 1.116483721794299165e-06
2.968000000000000000e+03 1.116897770159121505e-06
2.969000000000000000e+03 1.117311818523943633e-06
2.970000000000000000e+03 1.117725866888765760e-06
2.971000000000000000e+03 1.118139915253588100e-06
2.972000000000000000e+03 1.118553963618410440e-06
2.973000000000000000e+03 1.118968011983232568e-06
2.974000000000000000e+03 1.119382060348054696e-06
2.975000000000000000e+03 1.119796108712877035e-06
2.976000000000000000e+03 1.120203102262719248e-06
2.977000000000000000e+03 1.120610095812561672e-06
2.978000000000000000e+03 1.121017089362403884e-06
2.979000000000000000e+03 1.121424082912246308e-06
2.980000000000000000e+03 1.121831076462088521e-06
2.981000000000000000e+03 1.122238070011930733e-06
2.982000000000000000e+03 1.122645063561773157e-06
2.983000000000000000e+03 1.123052057111615369e-06
2.984000000000000000e+03 1.123459050661457794e-06
2.985000000000000000e+03 1.123866044211300006e-06
2.986000000000000000e+03 1.124192558916534619e-06
2.987000000000000000e+03 1.124519073621769444e-06
2.988000000000000000e+03 1.124845588327004058e-06
2.989000000000000000e+03 1.125172103032238671e-06
2.990000000000000000e+03 1.125498617737473496e-06
2.991000000000000000e+03 1.125825132442708110e-06
2.992000000000000000e+03 1.126151647147942723e-06
2.993000000000000000e+03 1.126478161853177336e-06
2.994000000000000000e+03 1.126804676558412161e-06
2.995000000000000000e+03 1.127131191263646775e-06
2.996000000000000000e+03 1.127466614381286398e-06
2.997000000000000000e+03 1.127802037498925810e-06
2.998000000000000000e+03 1.128137460616565433e-06
2.999000000000000000e+03 1.128472883734205057e-06
